 0.400 0.333 0.333 0.444 0.667 1.000 0.222 0.111 0.000 0.0
 0.500 0.778 0.778 0.000 0.222 0.400 0.222 0.667 0.000 0.0
 0.700 1.000 1.000 0.778 0.667 1.000 0.889 0.667 0.000 1.0
 0.100 0.000 0.111 0.000 0.111 0.100 0.222 0.000 0.000 0.0
 0.300 0.111 0.000 0.000 0.111 0.100 0.111 0.000 0.000 0.0
 0.100 0.000 0.000 0.000 0.111 0.100 0.111 0.000 0.000 0.0
 0.000 0.000 0.000 0.000 0.111 0.300 0.222 0.000 0.000 0.0
 0.600 0.333 0.556 0.333 0.556 0.100 0.333 0.222 0.000 1.0
 0.300 0.000 0.000 0.000 0.111 0.100 0.222 0.000 0.000 0.0
 0.500 0.000 0.000 0.000 0.111 0.100 0.222 0.000 0.000 0.0
 0.900 0.444 0.444 0.222 0.556 0.700 0.667 1.000 0.000 1.0
 0.700 0.333 0.444 0.000 0.111 0.000 0.667 0.222 0.000 1.0
 0.400 0.111 0.222 0.333 0.111 0.700 0.222 0.556 0.000 1.0
 0.400 0.000 0.000 0.000 0.111 0.100 0.111 0.000 0.000 0.0
 0.000 0.000 0.222 0.000 0.111 0.100 0.000 0.000 0.000 0.0
 0.100 0.000 0.000 0.000 0.111 0.100 0.222 0.000 0.000 0.0
 0.100 0.000 0.000 0.111 0.111 0.100 0.222 0.000 0.000 0.0
 0.100 0.000 0.000 0.000 0.111 0.100 0.111 0.000 0.000 0.0
 0.500 0.111 0.000 0.000 0.000 0.100 0.667 0.000 0.000 0.0
 0.100 0.444 0.222 0.222 0.556 0.700 0.667 0.444 0.000 1.0
 0.900 0.333 0.222 0.000 0.222 0.300 0.556 0.444 0.111 1.0
 0.400 0.556 0.444 0.556 1.000 0.100 0.222 0.000 0.000 1.0
 0.000 0.000 0.000 0.000 0.111 0.100 0.111 0.000 0.111 0.0
 0.000 0.000 0.000 0.000 0.111 0.100 0.111 0.000 0.000 0.0
 0.600 0.778 0.667 0.111 0.333 0.800 0.222 0.778 0.111 1.0
 0.400 0.222 0.222 0.333 0.111 0.400 0.222 0.333 0.000 1.0
 0.400 0.444 0.444 0.778 1.000 0.800 0.667 0.222 0.667 1.0
 0.900 0.556 0.556 0.222 0.333 0.500 0.222 0.556 0.000 1.0
 0.700 0.111 0.333 0.000 0.444 0.100 0.444 0.333 0.333 1.0
 0.800 0.444 0.444 0.111 0.111 0.200 0.444 0.000 0.000 1.0
 0.000 0.000 0.000 0.000 0.111 0.200 0.111 0.000 0.000 0.0
 0.500 0.222 0.333 0.000 0.444 0.200 0.222 0.889 0.000 1.0
 0.900 0.333 0.111 0.000 0.222 0.200 0.333 0.222 1.000 1.0
 0.400 0.222 0.333 0.000 0.778 1.000 0.333 0.889 0.000 1.0
 0.000 0.000 0.000 0.000 0.111 0.100 0.222 0.111 0.000 0.0
 0.500 1.000 0.111 0.778 1.000 0.200 0.667 0.778 1.000 1.0
 0.800 0.333 0.444 1.000 0.556 1.000 0.333 0.778 0.000 1.0
 0.000 0.000 0.111 0.000 0.111 0.200 0.333 0.111 0.000 0.0
 0.400 0.222 0.000 0.111 0.111 0.100 0.111 0.000 0.000 0.0
 0.100 0.000 0.000 0.000 0.222 0.100 0.111 0.000 0.000 0.0
 0.300 0.000 0.000 0.111 0.111 0.100 0.111 0.000 0.000 0.0
 0.200 0.000 0.000 0.000 0.111 0.200 0.667 0.000 0.000 0.0
 0.400 1.000 0.556 0.000 1.000 0.400 0.333 1.000 1.000 1.0
 0.200 0.556 0.556 0.556 0.444 1.000 0.556 0.778 0.222 1.0
 0.100 0.000 0.000 0.111 0.222 0.100 0.111 0.000 0.000 0.0
 0.200 0.000 0.000 0.111 0.111 0.100 0.000 0.000 0.000 0.0
 0.000 0.000 0.000 0.000 0.111 0.100 0.111 0.000 0.000 0.0
 0.000 0.000 0.000 0.000 0.111 0.100 0.222 0.000 0.000 0.0
 0.400 0.000 0.000 0.000 0.111 0.100 0.222 0.000 0.000 0.0
 0.600 0.444 0.556 1.000 0.444 1.000 0.667 0.889 0.333 1.0
 0.100 0.222 0.333 0.333 0.111 0.500 0.111 0.444 0.000 1.0
 0.700 0.111 0.222 0.000 0.556 0.300 0.667 0.000 0.000 1.0
 0.600 0.222 0.333 0.333 0.222 0.300 0.222 0.111 0.667 1.0
 0.000 0.556 0.778 1.000 0.778 1.000 0.444 0.667 0.000 1.0
 0.500 0.444 0.333 0.333 0.222 0.900 0.667 0.778 0.222 1.0
 0.700 0.556 0.333 0.222 0.444 0.900 0.222 0.000 0.000 1.0
 0.900 1.000 1.000 0.222 1.000 0.800 0.778 0.000 0.000 1.0
 0.000 0.000 0.000 0.000 0.111 0.500 0.000 0.000 0.000 0.0
 0.300 0.444 0.444 1.000 0.333 1.000 0.667 0.444 0.778 1.0
 0.200 0.111 0.000 0.000 0.111 0.200 0.222 0.000 0.000 0.0
 0.300 0.111 0.000 0.000 0.111 0.200 0.222 0.000 0.000 0.0
 0.400 0.222 0.444 0.000 0.778 1.000 0.444 0.222 0.000 1.0
 0.000 0.000 0.000 0.000 0.111 0.100 0.111 0.000 0.000 0.0
 0.200 0.000 0.000 0.000 0.111 0.100 0.222 0.000 0.000 0.0
 0.000 0.000 0.000 0.000 1.000 0.100 0.000 0.000 0.000 0.0
 0.100 0.000 0.000 0.000 0.111 0.100 0.222 0.000 0.000 0.0
 0.200 0.000 0.000 0.000 0.111 0.100 0.111 0.111 0.000 0.0
 0.400 0.000 0.000 0.000 0.111 0.200 0.222 0.222 0.000 0.0
 0.200 0.000 0.000 0.000 0.111 0.100 0.000 0.000 0.000 0.0
 0.000 0.000 0.000 0.000 0.000 0.000 0.111 0.000 0.000 0.0
 0.100 0.000 0.000 0.000 0.111 0.100 0.000 0.000 0.000 0.0
 0.000 0.000 0.000 0.000 0.111 0.500 0.000 0.000 0.000 0.0
 0.000 0.000 0.222 0.000 0.111 0.000 0.111 0.000 0.000 0.0
 0.000 0.000 0.000 0.000 0.222 0.200 0.111 0.000 0.000 0.0
 0.700 0.778 0.667 0.333 1.000 1.000 0.667 0.778 0.667 1.0
 0.600 0.111 0.333 0.000 0.556 1.000 0.444 0.333 0.222 1.0
 0.300 0.000 0.000 0.000 0.111 0.300 0.000 0.000 0.000 0.0
 0.400 0.444 0.444 0.556 0.222 1.000 0.222 0.000 0.000 1.0
 0.100 0.000 0.000 0.000 0.111 0.100 0.222 0.000 0.000 0.0
 0.800 0.889 1.000 0.222 0.556 1.000 0.667 1.000 0.556 1.0
 0.300 0.000 0.000 0.000 0.111 0.100 0.222 0.111 0.000 0.0
 0.000 0.000 0.000 0.111 0.000 0.300 0.000 0.000 0.667 0.0
 0.300 0.000 0.000 0.000 0.111 0.200 0.222 0.111 0.000 0.0
 0.900 0.778 1.000 1.000 0.556 0.100 0.222 0.000 1.000 1.0
 0.000 0.000 0.000 0.111 0.000 0.100 0.000 0.000 0.000 0.0
 0.000 0.000 0.000 0.000 0.111 0.100 0.222 0.000 0.000 0.0
 0.500 1.000 1.000 1.000 0.778 1.000 1.000 1.000 0.667 1.0
 0.400 0.778 0.667 0.667 1.000 1.000 0.444 0.667 0.000 1.0
 0.400 1.000 1.000 0.222 0.778 0.100 0.444 1.000 0.222 1.0
 0.400 0.222 0.222 0.222 0.556 1.000 0.222 0.000 0.000 1.0
 0.000 0.000 0.000 0.000 0.111 0.100 0.000 0.000 0.000 0.0
 0.400 0.778 0.778 0.778 0.444 1.000 0.667 0.778 0.000 1.0
 0.100 0.000 0.000 0.000 0.000 0.100 0.222 0.000 0.000 0.0
 0.900 0.444 0.556 1.000 0.556 1.000 0.667 0.667 1.000 1.0
 0.000 0.111 0.222 0.000 0.111 0.100 0.222 0.000 0.000 0.0
 0.600 0.444 1.000 1.000 1.000 1.000 0.333 1.000 0.222 1.0
 0.000 0.000 0.000 0.000 0.111 0.100 0.222 0.000 0.000 0.0
 0.300 0.000 0.000 0.000 0.111 0.100 0.222 0.000 0.000 0.0
 0.400 0.000 0.000 0.333 0.111 0.100 0.222 0.000 0.000 0.0
 0.200 0.000 0.000 0.000 0.111 0.100 0.111 0.000 0.000 0.0
 0.900 0.778 0.778 0.333 1.000 1.000 0.778 0.000 0.000 1.0
 0.400 0.000 0.000 0.000 0.111 0.100 0.222 0.000 0.000 0.0
 0.400 1.000 1.000 0.889 0.556 1.000 0.667 1.000 0.444 1.0
 0.000 0.000 0.000 0.000 0.000 0.100 0.222 0.000 0.000 0.0
 0.400 0.000 0.000 0.000 0.000 0.100 0.222 0.000 0.000 0.0
 0.700 1.000 0.778 0.778 0.333 0.800 0.667 0.667 0.000 1.0
 0.900 1.000 1.000 1.000 0.667 1.000 0.667 1.000 0.333 1.0
 0.700 0.667 0.778 0.667 0.444 0.500 0.444 1.000 0.111 1.0
 0.000 0.000 0.000 0.000 0.111 0.100 0.222 0.000 0.000 0.0
 0.500 0.000 0.222 0.000 0.111 0.100 0.222 0.000 0.000 0.0
 0.900 0.556 0.333 0.222 1.000 1.000 0.889 1.000 0.000 1.0
 0.600 0.444 0.556 0.222 0.222 0.800 0.667 0.333 0.000 1.0
 0.000 0.000 0.000 0.000 0.111 0.100 0.111 0.000 0.000 0.0
 0.700 0.889 0.889 0.444 0.222 0.500 0.667 0.667 0.000 1.0
 0.900 1.000 1.000 0.222 1.000 1.000 0.889 1.000 0.000 1.0
 0.500 0.778 0.667 0.444 0.556 0.800 0.778 0.889 0.111 1.0
 0.900 0.333 0.444 0.444 0.444 1.000 0.333 0.000 0.000 1.0
 0.200 0.000 0.333 0.000 0.111 0.000 0.222 0.000 0.000 0.0
 0.800 0.778 0.778 0.444 0.556 0.200 0.333 1.000 0.333 1.0
 0.900 0.333 0.222 0.111 0.222 1.000 0.444 0.222 0.111 1.0
 0.200 0.000 0.000 0.222 0.000 0.100 0.222 0.000 0.000 0.0
 0.000 0.000 0.000 0.000 0.111 0.500 0.444 0.000 0.000 0.0
 0.400 0.000 0.000 0.111 0.111 0.200 0.222 0.000 0.000 0.0
 0.700 0.333 0.333 0.000 0.111 0.900 0.222 0.222 0.000 1.0
 0.200 0.000 0.000 0.000 0.111 0.000 0.222 0.000 0.000 0.0
 0.900 0.333 0.333 1.000 0.111 1.000 0.444 0.222 0.222 1.0
 0.500 1.000 1.000 0.111 0.778 1.000 0.667 0.222 0.222 1.0
 0.400 0.556 0.556 0.111 0.333 1.000 0.222 0.556 0.000 1.0
 0.200 0.000 0.000 0.000 0.111 0.100 0.111 0.000 0.000 0.0
 0.400 0.667 0.667 0.000 0.444 0.800 0.222 0.333 0.000 0.0
 0.400 1.000 1.000 0.556 1.000 1.000 1.000 0.556 0.444 1.0
 0.900 0.333 0.333 1.000 0.556 1.000 0.444 0.444 0.000 1.0
 0.400 0.000 0.333 0.000 0.111 0.100 0.222 0.111 0.000 0.0
 0.200 0.222 0.444 0.111 0.222 1.000 0.667 0.000 0.000 1.0
 0.000 0.000 0.000 0.000 0.111 0.100 0.222 0.000 0.000 0.0
 0.400 0.000 0.000 0.000 0.111 0.100 0.222 0.000 0.000 0.0
 0.600 0.111 0.333 0.000 0.222 0.400 0.222 0.222 0.000 1.0
 0.200 0.000 0.222 0.000 0.111 0.000 0.111 0.000 0.000 0.0
 0.000 0.000 0.000 0.000 0.111 0.100 0.111 0.000 0.000 0.0
 0.900 0.444 0.667 0.222 0.222 0.700 0.222 0.222 0.778 1.0
 0.100 0.000 0.000 0.111 0.111 0.100 0.222 0.000 0.000 0.0
 0.900 0.333 0.556 0.000 0.111 1.000 0.444 0.222 0.000 1.0
 0.700 1.000 1.000 1.000 0.778 1.000 1.000 0.667 0.222 1.0
 0.200 0.000 0.000 0.000 0.222 0.100 0.111 0.000 0.000 0.0
 0.400 0.556 0.556 0.778 0.556 1.000 0.333 1.000 0.333 1.0
 0.000 0.000 0.000 0.000 0.111 0.100 0.222 0.000 0.000 0.0
 0.900 0.333 0.333 0.556 0.111 1.000 0.111 0.222 0.000 1.0
 0.400 0.444 0.667 0.778 0.556 1.000 0.667 0.333 0.000 1.0
 0.400 0.333 0.222 0.000 0.111 0.000 0.111 0.222 0.000 0.0
 0.800 0.000 0.111 0.556 0.333 1.000 0.667 0.667 0.111 1.0
 0.000 0.000 0.000 0.000 0.111 0.100 0.222 0.000 0.000 0.0
 0.000 0.000 0.000 0.000 0.111 0.100 0.222 0.000 0.000 0.0
 0.900 0.778 0.333 0.333 0.333 1.000 0.222 1.000 0.333 1.0
 0.000 0.000 0.000 0.000 0.111 0.100 0.222 0.000 0.000 0.0
 0.200 0.000 0.000 0.000 0.111 0.500 0.444 0.000 0.000 0.0
 0.000 0.000 0.000 0.000 0.111 0.100 0.000 0.000 0.000 0.0
 0.000 0.000 0.000 0.000 0.111 0.100 0.000 0.000 0.000 0.0
 0.300 0.556 0.444 0.556 0.667 0.000 0.333 0.889 0.000 0.0
 0.500 0.778 0.667 0.778 0.556 0.800 0.778 0.889 0.000 1.0
 0.300 0.333 0.333 0.333 0.556 0.500 0.667 0.222 0.000 0.0
 0.200 0.000 0.000 0.000 0.111 0.000 0.222 0.000 0.000 0.0
 0.400 0.333 0.556 1.000 0.111 1.000 0.333 0.000 0.000 1.0
 0.200 0.111 0.111 0.000 0.111 0.100 0.111 0.222 0.000 0.0
 0.000 0.000 0.000 0.000 0.111 0.100 0.111 0.000 0.000 0.0
 0.900 0.333 0.556 0.333 0.444 1.000 0.667 0.000 0.000 1.0
 0.400 0.000 0.000 0.000 0.111 0.100 0.222 0.000 0.111 0.0
 0.400 0.333 0.556 0.556 0.333 1.000 0.333 0.222 0.000 1.0
 0.000 0.000 0.000 0.000 0.111 0.100 0.000 0.000 0.000 0.0
 0.000 0.000 0.000 0.000 0.111 0.100 0.222 0.000 0.000 0.0
 0.700 0.444 0.444 0.444 0.111 1.000 0.333 0.222 0.000 1.0
 0.000 0.000 0.000 0.000 0.111 0.100 0.222 0.000 0.000 0.0
 0.000 0.000 0.000 0.000 0.111 0.100 0.000 0.000 0.000 0.0
 0.000 0.000 0.000 0.000 0.111 0.100 0.000 0.000 0.000 0.0
 0.000 0.000 0.000 0.000 0.000 0.100 0.000 0.222 0.000 0.0
 0.300 0.111 0.222 0.444 0.222 0.800 0.667 0.556 0.000 1.0
 0.100 0.000 0.000 0.000 0.111 0.100 0.222 0.000 0.000 0.0
 0.100 0.667 1.000 1.000 0.667 1.000 0.333 0.889 0.333 1.0
 0.300 0.000 0.000 0.000 0.222 0.100 0.111 0.111 0.000 0.0
 0.700 1.000 1.000 0.667 1.000 1.000 0.667 0.222 0.778 1.0
 0.900 0.222 0.444 0.333 0.222 0.700 0.222 0.444 0.222 1.0
 0.200 1.000 0.222 1.000 0.556 1.000 0.444 0.000 0.333 1.0
 0.300 0.333 0.333 0.111 0.111 0.300 0.111 0.000 0.000 0.0
 0.100 0.000 0.000 0.000 0.111 0.100 0.111 0.000 0.000 0.0
 0.400 0.778 0.778 1.000 0.444 1.000 0.778 1.000 0.222 1.0
 0.000 0.000 0.222 0.000 0.000 0.100 0.111 0.000 0.000 0.0
 0.000 0.000 0.222 0.000 0.111 0.100 0.000 0.000 0.000 0.0
 0.400 0.000 0.000 0.111 0.111 0.100 0.111 0.000 0.000 0.0
 0.000 0.000 0.000 0.000 0.111 0.100 0.000 0.000 0.000 0.0
 0.000 0.000 0.000 0.000 0.000 0.100 0.111 0.000 0.000 0.0
 0.400 0.222 0.333 0.000 0.333 0.100 0.222 0.000 0.000 0.0
 0.900 0.556 0.222 0.556 0.333 1.000 0.667 0.778 0.333 1.0
 0.100 0.000 0.000 0.000 0.111 0.100 0.000 0.000 0.000 0.0
 0.200 0.222 0.111 0.111 0.222 0.100 0.000 0.111 0.222 0.0
 0.400 0.222 0.222 0.111 0.222 0.100 0.222 0.000 0.000 0.0
 0.400 0.000 0.000 0.000 0.222 0.200 0.111 0.111 0.000 0.0
 0.900 0.778 0.667 0.333 0.222 1.000 0.667 0.889 0.000 1.0
 0.000 0.000 0.000 0.000 0.000 0.100 0.000 0.000 0.000 0.0
 0.200 0.000 0.000 0.000 0.111 0.100 0.111 0.000 0.000 0.0
 0.300 0.000 0.000 0.000 0.111 0.100 0.000 0.000 0.000 0.0
 0.000 0.111 0.222 0.000 0.111 0.100 0.000 0.000 0.000 0.0
 0.200 0.000 0.000 0.000 0.111 0.100 0.000 0.000 0.000 0.0
 0.200 0.000 0.000 0.000 0.111 0.400 0.000 0.000 0.000 0.0
 0.000 0.000 0.000 0.000 0.111 0.100 0.111 0.000 0.000 0.0
 0.000 0.000 0.000 0.000 0.111 0.100 0.111 0.000 0.000 0.0
 0.200 0.000 0.111 0.000 0.111 0.100 0.111 0.000 0.000 0.0
 0.000 0.000 0.000 0.000 0.000 0.000 0.111 0.000 0.000 0.0
 0.400 0.000 0.111 0.000 0.111 0.100 0.222 0.000 0.000 0.0
 0.200 0.222 0.111 0.556 0.222 0.300 0.222 0.444 0.000 0.0
 0.000 0.000 0.000 0.000 0.111 0.100 0.111 0.000 0.000 0.0
 0.100 0.222 0.000 0.000 0.444 0.100 0.000 0.000 0.000 0.0
 0.900 1.000 1.000 0.667 1.000 1.000 0.778 0.111 0.000 1.0
 0.400 0.000 0.222 0.000 0.111 0.100 0.111 0.000 0.000 0.0
 0.800 1.000 1.000 1.000 1.000 1.000 1.000 1.000 0.000 1.0
 0.700 0.667 0.778 0.111 0.333 0.200 0.444 1.000 0.000 1.0
 0.100 0.000 0.000 0.000 0.111 0.100 0.111 0.000 0.000 0.0
 0.400 0.000 0.000 0.222 0.333 0.100 0.222 0.111 0.000 0.0
 0.200 0.111 0.111 0.222 0.111 0.100 0.000 0.000 0.000 0.0
 0.900 0.778 1.000 0.000 0.222 1.000 0.444 0.000 0.000 1.0
 0.300 0.000 0.000 0.000 0.111 0.100 0.000 0.000 0.000 0.0
 0.400 0.000 0.000 0.000 0.111 0.100 0.000 0.000 0.000 0.0
 0.400 0.111 0.111 0.333 0.111 0.400 0.000 0.000 0.000 0.0
 0.000 0.000 0.000 0.000 0.111 0.200 0.000 0.000 0.000 0.0
 0.100 0.000 0.000 0.000 0.111 0.100 0.000 0.000 0.000 0.0
 0.400 0.000 0.000 0.000 0.111 0.100 0.000 0.000 0.000 0.0
 0.400 0.667 0.889 0.778 0.556 1.000 0.778 1.000 0.000 1.0
 0.400 0.000 0.000 0.000 0.111 0.100 0.000 0.000 0.000 0.0
 0.300 0.444 0.444 0.778 0.556 1.000 1.000 0.667 0.000 1.0
 0.900 0.111 0.111 0.000 0.111 0.600 0.000 0.000 0.111 1.0
 0.700 0.778 0.889 0.556 0.556 0.300 1.000 1.000 0.000 1.0
 0.400 0.000 0.222 0.000 0.111 0.100 0.000 0.000 0.000 0.0
 0.200 0.000 0.000 0.000 0.111 0.500 0.000 0.000 0.000 0.0
 0.300 0.000 0.000 0.000 0.111 0.100 0.000 0.111 0.000 0.0
 0.900 0.889 0.778 0.667 0.556 0.400 0.667 1.000 0.222 1.0
 0.500 0.556 0.556 0.444 0.333 1.000 0.667 0.556 0.111 1.0
 0.000 0.000 0.111 0.000 0.111 0.100 0.111 0.000 0.000 0.0
 0.500 0.000 0.000 0.222 0.111 0.100 0.000 0.000 0.000 0.0
 0.300 0.000 0.000 0.000 0.111 0.100 0.000 0.000 0.000 0.0
 0.200 0.000 0.000 0.000 0.111 0.100 0.000 0.000 0.000 0.0
 0.300 0.000 0.000 0.000 0.111 0.100 0.000 0.000 0.000 0.0
 0.300 0.778 0.667 1.000 0.333 1.000 0.667 0.444 0.000 1.0
 0.400 0.222 0.111 0.333 0.111 0.100 0.000 0.000 0.000 0.0
 0.700 0.667 0.778 0.444 0.444 1.000 0.889 1.000 0.000 1.0
 0.000 0.000 0.000 0.222 0.000 0.300 0.000 0.000 0.000 0.0
 0.900 1.000 1.000 1.000 0.556 1.000 0.778 0.000 0.444 1.0
 0.500 0.222 0.111 0.000 0.222 0.400 0.333 0.000 0.000 1.0
 0.400 0.778 0.889 0.333 0.222 1.000 0.667 0.000 0.000 1.0
 0.400 1.000 1.000 1.000 0.556 1.000 0.556 0.444 0.111 1.0
 0.200 0.000 0.000 0.000 0.000 0.100 0.111 0.000 0.000 0.0
 0.300 0.111 0.000 0.000 0.111 0.100 0.000 0.000 0.000 0.0
 0.300 0.000 0.000 0.000 0.111 0.100 0.111 0.000 0.000 0.0
 0.300 0.000 0.000 0.000 0.111 0.100 0.111 0.000 0.000 0.0
 0.300 0.000 0.000 0.000 0.111 0.100 0.222 0.000 0.000 0.0
 0.200 0.222 0.000 0.000 0.111 0.100 0.000 0.000 0.000 0.0
 0.000 0.000 0.000 0.000 0.111 0.400 0.000 0.000 0.000 0.0
 0.100 0.000 0.000 0.000 0.111 0.100 0.000 0.000 0.000 0.0
 0.400 0.000 0.000 0.000 0.111 0.100 0.111 0.000 0.000 0.0
 0.200 0.000 0.000 0.000 0.000 0.100 0.111 0.000 0.000 0.0
 0.300 1.000 0.333 0.667 0.222 1.000 0.889 1.000 0.000 1.0
 0.000 0.000 0.000 0.000 0.000 0.100 0.111 0.000 0.000 0.0
 0.300 0.667 0.778 0.222 0.333 1.000 0.889 0.000 0.000 1.0
 0.300 0.000 0.000 0.000 0.222 0.100 0.000 0.000 0.000 0.0
 0.600 0.444 0.556 1.000 0.333 1.000 0.444 0.222 0.000 1.0
 0.200 0.000 0.000 0.111 0.111 0.100 0.000 0.000 0.000 0.0
 0.300 0.000 0.000 0.000 0.111 0.100 0.222 0.000 0.000 0.0
 0.300 0.000 0.000 0.000 0.000 0.100 0.111 0.000 0.000 0.0
 0.300 0.111 0.111 0.000 0.111 0.100 0.111 0.000 0.000 0.0
 0.200 0.000 0.000 0.000 0.111 0.100 0.111 0.000 0.000 0.0
 0.000 0.000 0.222 0.111 0.111 0.100 0.222 0.000 0.000 0.0
 0.400 0.000 0.111 0.000 0.111 0.100 0.222 0.000 0.000 0.0
 0.500 0.000 0.000 0.000 0.111 0.100 0.111 0.000 0.000 0.0
 0.200 0.000 0.000 0.000 0.111 0.100 0.000 0.000 0.000 0.0
 0.300 0.000 0.000 0.000 0.111 0.100 0.111 0.000 0.000 0.0
 0.400 0.000 0.000 0.000 0.111 0.100 0.111 0.000 0.000 0.0
 0.100 0.000 0.000 0.000 0.000 0.100 0.000 0.000 0.000 0.0
 0.600 0.778 0.222 0.667 0.333 0.500 0.667 0.778 0.111 1.0
 0.000 0.000 0.000 0.000 0.111 0.100 0.222 0.000 0.000 0.0
 0.300 0.333 0.111 0.000 0.111 0.500 0.111 0.000 0.111 0.0
 0.300 0.222 0.000 0.000 0.111 0.100 0.333 0.778 0.000 0.0
 0.400 0.000 0.000 0.222 0.111 0.100 0.000 0.000 0.000 0.0
 0.400 0.000 0.000 0.000 0.111 0.100 0.111 0.000 0.000 0.0
 0.400 0.000 0.000 0.000 0.111 0.100 0.222 0.000 0.000 0.0
 0.200 0.000 0.000 0.000 0.111 0.100 0.111 0.000 0.000 0.0
 0.400 0.667 1.000 1.000 0.444 1.000 1.000 1.000 0.000 1.0
 0.300 0.000 0.000 0.000 0.111 0.300 0.111 0.000 0.000 0.0
 0.900 1.000 0.778 1.000 0.556 0.500 1.000 0.222 0.000 1.0
 0.600 0.556 1.000 0.444 0.222 1.000 0.889 1.000 0.111 1.0
 0.000 0.000 0.000 0.000 0.111 0.100 0.111 0.000 0.000 0.0
 0.400 0.000 0.111 0.000 0.111 0.100 0.222 0.000 0.000 0.0
 0.000 0.000 0.000 0.000 0.111 0.100 0.111 0.000 0.000 0.0
 0.000 0.000 0.000 0.000 0.111 0.100 0.222 0.000 0.000 0.0
 0.400 0.667 1.000 0.556 0.444 1.000 0.667 0.444 0.000 1.0
 0.200 0.000 0.000 0.000 0.111 0.100 0.000 0.000 0.000 0.0
 0.000 0.000 0.000 0.000 0.111 0.100 0.000 0.000 0.000 0.0
 0.400 0.000 0.000 0.000 0.111 0.100 0.111 0.111 0.000 0.0
 0.400 0.000 0.000 0.000 0.111 0.100 0.000 0.000 0.000 0.0
 0.100 0.444 0.667 0.556 0.333 1.000 0.667 0.556 0.000 1.0
 0.400 0.000 0.111 0.000 0.111 0.100 0.000 0.000 0.000 0.0
 0.400 0.000 0.000 0.000 0.111 0.100 0.111 0.000 0.000 0.0
 0.400 0.000 0.222 0.000 0.111 0.100 0.222 0.000 0.000 0.0
 0.400 0.111 0.333 0.000 0.000 0.100 0.000 0.000 0.000 0.0
 0.000 0.000 0.000 0.000 0.000 0.100 0.111 0.000 0.000 0.0
 0.400 0.333 0.556 0.778 0.333 0.100 0.778 1.000 0.000 1.0
 0.900 0.444 1.000 0.222 0.444 0.800 0.667 0.778 0.222 1.0
 0.000 0.000 0.000 0.000 0.111 0.100 0.000 0.000 0.000 0.0
 0.400 0.000 0.000 0.000 0.111 0.100 0.000 0.000 0.000 0.0
 0.400 1.000 1.000 1.000 0.444 0.200 0.778 0.444 0.000 1.0
 0.100 0.222 0.000 0.000 0.111 0.100 0.111 0.000 0.000 0.0
 0.300 0.000 0.222 0.000 0.111 0.100 0.111 0.000 0.000 0.0
 0.000 0.000 0.000 0.000 0.000 0.000 0.000 0.000 0.000 0.0
 0.400 0.000 0.000 0.000 0.111 0.100 0.111 0.000 0.000 0.0
 0.500 0.222 0.222 0.222 0.222 0.200 0.556 0.000 0.000 0.0
 0.000 0.000 0.000 0.000 0.111 0.100 0.000 0.000 0.000 0.0
 0.200 0.000 0.222 0.000 0.222 0.400 0.000 0.000 0.000 0.0
 0.100 0.000 0.000 0.000 0.111 0.500 0.000 0.000 0.000 0.0
 0.300 0.000 0.000 0.000 0.111 0.100 0.000 0.000 0.000 0.0
 0.400 0.000 0.000 0.000 0.111 0.100 0.111 0.000 0.000 0.0
 0.700 0.667 0.333 0.333 0.444 0.300 0.444 1.000 0.000 1.0
 0.200 0.000 0.333 0.000 0.111 0.100 0.000 0.000 0.000 0.0
 0.300 0.111 0.333 0.222 0.111 0.200 0.111 0.000 0.000 0.0
 0.400 0.000 0.000 0.222 0.111 0.100 0.000 0.000 0.000 0.0
 0.200 0.000 0.000 0.000 0.111 0.100 0.111 0.000 0.000 0.0
 0.000 0.000 0.000 0.000 0.111 0.100 0.000 0.000 0.000 0.0
 0.200 0.000 0.000 0.000 0.111 0.100 0.111 0.000 0.000 0.0
 0.000 0.000 0.000 0.222 0.111 0.100 0.000 0.000 0.000 0.0
 0.200 0.000 0.000 0.000 0.111 0.100 0.111 0.000 0.000 0.0
 0.000 0.111 0.000 0.222 0.111 0.100 0.111 0.000 0.000 0.0
 0.300 0.000 0.000 0.000 0.111 0.100 0.111 0.000 0.000 0.0
 0.200 0.000 0.000 0.000 0.111 0.100 0.111 0.000 0.000 0.0
 0.400 0.333 0.444 0.000 0.778 0.100 0.222 0.556 0.000 0.0
 0.000 0.000 0.000 0.000 0.111 0.100 0.000 0.000 0.000 0.0
 0.300 0.000 0.000 0.000 0.111 0.100 0.222 0.000 0.000 0.0
 0.000 0.000 0.222 0.000 0.111 0.100 0.111 0.000 0.000 0.0
 0.000 0.000 0.000 0.000 0.111 0.100 0.000 0.000 0.000 0.0
 0.200 0.000 0.000 0.000 0.111 0.100 0.222 0.000 0.000 0.0
 0.400 1.000 1.000 0.778 0.444 0.500 0.667 1.000 0.000 1.0
 0.200 0.111 0.000 0.111 0.111 0.100 0.222 0.000 0.000 0.0
 0.400 0.222 0.111 0.000 0.222 0.100 0.000 0.000 0.000 0.0
 0.300 0.000 0.333 0.000 0.111 0.100 0.000 0.000 0.000 0.0
 0.400 0.000 0.000 0.000 0.111 0.100 0.000 0.000 0.000 0.0
 0.100 0.000 0.000 0.000 0.111 0.100 0.000 0.000 0.000 0.0
 0.400 1.000 1.000 1.000 0.333 1.000 0.444 0.556 0.222 1.0
 0.000 0.000 0.000 0.000 0.111 0.100 0.000 0.000 0.000 0.0
 0.000 0.000 0.000 0.000 0.111 0.100 0.000 0.000 0.000 0.0
 0.200 0.000 0.000 0.000 0.111 0.100 0.111 0.222 0.000 0.0
 0.000 0.000 0.000 0.000 0.111 0.100 0.000 0.000 0.778 0.0
 0.400 1.000 1.000 0.444 0.333 0.500 0.333 0.333 0.000 1.0
 0.200 0.000 0.000 0.000 0.111 0.100 0.111 0.000 0.111 0.0
 0.100 0.000 0.000 0.000 0.111 0.100 0.000 0.000 0.000 0.0
 0.300 0.778 0.556 0.333 0.222 0.400 1.000 0.556 0.000 1.0
