 0.708 1.000 0.000 0.481 0.244 1.000 1.000 0.603 0.000 0.371 1.000 0.000 0.857 0.0
 0.792 1.000 1.000 0.623 0.365 0.000 1.000 0.282 1.000 0.242 0.500 1.000 0.429 1.0 
 0.792 1.000 1.000 0.245 0.235 0.000 1.000 0.443 1.000 0.419 0.500 0.667 1.000 1.0 
 0.167 1.000 0.667 0.340 0.283 0.000 0.000 0.885 0.000 0.565 1.000 0.000 0.429 0.0
 0.250 0.000 0.333 0.340 0.178 0.000 1.000 0.771 0.000 0.226 0.000 0.000 0.429 0.0
 0.562 1.000 0.333 0.245 0.251 0.000 0.000 0.817 0.000 0.129 0.000 0.000 0.429 0.0
 0.688 0.000 1.000 0.434 0.324 0.000 1.000 0.679 0.000 0.581 1.000 0.667 0.429 1.0 
 0.583 0.000 1.000 0.245 0.521 0.000 0.000 0.702 1.000 0.097 0.000 0.000 0.429 0.0
 0.708 1.000 1.000 0.340 0.292 0.000 1.000 0.580 0.000 0.226 0.500 0.333 1.000 1.0 
 0.500 1.000 1.000 0.434 0.176 1.000 1.000 0.641 1.000 0.500 1.000 0.000 1.000 1.0 
 0.583 1.000 1.000 0.434 0.151 0.000 0.000 0.588 0.000 0.065 0.500 0.000 0.857 0.0
 0.562 0.000 0.333 0.434 0.384 0.000 1.000 0.626 0.000 0.210 0.500 0.000 0.429 0.0
 0.562 1.000 0.667 0.340 0.297 1.000 1.000 0.542 1.000 0.097 0.500 0.333 0.857 1.0 
 0.312 1.000 0.333 0.245 0.313 0.000 0.000 0.779 0.000 0.000 0.000 0.000 1.000 0.0
 0.479 1.000 0.667 0.736 0.167 1.000 0.000 0.695 0.000 0.081 0.000 0.000 1.000 0.0
 0.583 1.000 0.667 0.528 0.096 0.000 0.000 0.786 0.000 0.258 0.000 0.000 0.429 0.0
 0.396 1.000 0.333 0.151 0.235 0.000 0.000 0.740 0.000 0.161 1.000 0.000 1.000 1.0 
 0.521 1.000 1.000 0.434 0.258 0.000 0.000 0.679 0.000 0.194 0.000 0.000 0.429 0.0
 0.396 0.000 0.667 0.340 0.340 0.000 0.000 0.519 0.000 0.032 0.000 0.000 0.429 0.0
 0.417 1.000 0.333 0.340 0.320 0.000 0.000 0.763 0.000 0.097 0.000 0.000 0.429 0.0
 0.729 1.000 0.000 0.151 0.194 0.000 1.000 0.557 1.000 0.290 0.500 0.000 0.429 0.0
 0.604 0.000 0.000 0.528 0.358 1.000 1.000 0.695 0.000 0.161 0.000 0.000 0.429 0.0
 0.604 1.000 0.333 0.245 0.361 0.000 1.000 0.679 0.000 0.290 0.500 0.000 0.429 1.0 
 0.604 1.000 0.667 0.358 0.224 0.000 1.000 0.779 0.000 0.516 0.000 0.667 1.000 1.0 
 0.646 1.000 1.000 0.340 0.183 0.000 1.000 0.466 1.000 0.387 0.500 0.667 1.000 1.0 
 0.438 0.000 0.667 0.245 0.212 0.000 0.000 0.664 0.000 0.258 0.500 0.000 0.429 0.0
 0.604 0.000 0.667 0.245 0.489 0.000 0.000 0.771 0.000 0.000 0.000 0.000 0.429 0.0
 0.771 0.000 0.000 0.528 0.228 0.000 0.000 0.328 0.000 0.419 1.000 0.000 0.429 0.0
 0.292 1.000 1.000 0.528 0.276 0.000 0.000 0.763 0.000 0.242 0.000 0.000 0.429 0.0
 0.229 1.000 1.000 0.151 0.094 0.000 1.000 0.328 1.000 0.323 0.500 0.000 1.000 1.0 
 0.833 0.000 0.000 0.434 0.258 0.000 0.000 0.611 0.000 0.290 0.000 0.667 0.429 0.0
 0.646 1.000 1.000 0.217 0.237 1.000 0.000 0.679 1.000 0.226 0.000 0.667 1.000 1.0 
 0.729 1.000 0.667 0.434 0.477 0.000 0.000 0.664 0.000 0.000 0.000 0.000 0.429 1.0 
 0.625 1.000 1.000 0.387 0.247 0.000 0.000 0.687 0.000 0.081 0.500 0.000 1.000 0.0
 0.312 1.000 0.667 0.340 0.244 0.000 0.000 0.824 1.000 0.065 0.000 0.000 0.429 0.0
 0.271 1.000 1.000 0.434 0.228 0.000 0.000 0.817 0.000 0.000 0.000 0.000 0.429 0.0
 0.292 1.000 1.000 0.245 0.116 0.000 1.000 0.374 1.000 0.403 0.500 0.000 1.000 1.0 
 0.583 1.000 1.000 0.528 0.342 0.000 1.000 0.313 1.000 0.097 0.500 0.333 0.857 1.0 
 0.542 1.000 1.000 0.358 0.518 0.000 0.000 0.466 1.000 0.194 0.500 0.333 1.000 1.0 
 0.667 1.000 0.667 0.528 0.267 1.000 0.000 0.504 1.000 0.161 0.500 0.000 0.429 0.0
 0.750 0.000 1.000 0.528 0.226 0.000 1.000 0.328 0.000 0.161 0.500 1.000 1.000 1.0 
 0.229 1.000 0.000 0.434 0.167 0.000 0.000 0.817 1.000 0.226 0.000 0.000 1.000 0.0
 0.875 0.000 0.333 0.623 0.402 0.000 0.000 0.695 0.000 0.065 0.000 0.667 0.429 0.0
 0.625 1.000 0.667 0.528 0.196 1.000 0.000 0.656 0.000 0.258 0.000 0.000 0.429 0.0
 0.667 0.000 1.000 0.340 0.466 0.000 1.000 0.748 0.000 0.000 0.000 0.000 0.429 1.0 
 0.604 1.000 0.667 0.170 0.237 0.000 1.000 0.718 0.000 0.403 0.500 0.333 1.000 1.0 
 0.458 1.000 0.667 0.151 0.112 0.000 0.000 0.397 0.000 0.097 0.000 0.000 0.429 0.0
 0.438 1.000 1.000 0.528 0.267 0.000 1.000 0.435 0.000 0.419 0.500 0.000 1.000 1.0 
 0.750 0.000 0.667 0.434 0.664 1.000 1.000 0.656 0.000 0.129 0.000 0.333 0.429 0.0
 0.500 1.000 0.667 0.340 0.162 1.000 1.000 0.618 0.000 0.194 1.000 0.000 0.429 0.0
 0.250 0.000 0.333 0.104 0.164 0.000 0.000 0.740 0.000 0.000 0.000 0.333 0.429 0.0
 0.750 1.000 1.000 0.245 0.116 0.000 0.000 0.527 0.000 0.065 0.000 0.000 1.000 0.0
 0.312 1.000 1.000 0.170 0.374 0.000 1.000 0.626 0.000 0.000 0.000 0.333 0.429 1.0 
 0.312 1.000 0.333 0.340 0.212 0.000 1.000 0.893 0.000 0.000 0.000 0.000 0.429 0.0
 0.646 1.000 1.000 0.340 0.290 0.000 0.000 0.557 1.000 0.226 0.000 0.333 1.000 1.0 
 0.521 1.000 1.000 0.283 0.320 0.000 1.000 0.290 1.000 0.355 0.500 0.333 1.000 1.0 
 0.438 1.000 0.667 0.434 0.244 0.000 0.000 0.702 0.000 0.097 0.500 0.333 1.000 1.0 
 0.250 1.000 1.000 0.151 0.105 0.000 1.000 0.664 0.000 0.000 0.000 0.000 1.000 1.0 
 0.521 1.000 0.667 0.292 0.336 0.000 1.000 0.618 0.000 0.081 1.000 0.333 0.429 0.0
 0.458 1.000 0.000 0.292 0.199 0.000 1.000 0.412 1.000 0.226 0.000 0.333 0.429 0.0
 0.458 0.000 1.000 0.340 0.409 0.000 0.000 0.542 1.000 0.194 0.500 0.000 1.000 1.0 
 0.354 0.000 0.667 0.453 0.116 0.000 1.000 0.679 1.000 0.226 1.000 0.000 0.429 0.0
 0.604 1.000 1.000 0.321 0.205 0.000 1.000 0.458 1.000 0.355 0.500 1.000 1.000 1.0 
 0.521 0.000 0.667 0.387 0.406 1.000 0.000 0.756 0.000 0.000 0.000 0.000 0.429 0.0
 0.521 1.000 1.000 0.245 0.142 0.000 0.000 0.321 0.000 0.226 0.500 0.333 1.000 1.0 
 0.646 1.000 1.000 0.481 0.356 0.000 1.000 0.542 1.000 0.452 0.500 0.667 1.000 1.0 
 0.646 1.000 0.667 0.434 0.135 0.000 1.000 0.641 0.000 0.484 0.500 0.000 0.429 1.0 
 0.521 1.000 0.667 0.528 0.242 0.000 1.000 0.718 0.000 0.258 0.000 0.000 1.000 0.0
 0.625 1.000 1.000 0.717 0.457 0.000 1.000 0.527 1.000 0.548 1.000 0.000 1.000 1.0 
 0.354 1.000 0.667 0.528 0.240 0.000 0.000 0.580 0.000 0.581 0.500 0.000 0.429 1.0 
 0.750 0.000 0.667 0.575 0.326 0.000 0.000 0.588 0.000 0.129 0.000 0.000 0.429 0.0
 0.792 1.000 1.000 0.292 0.292 1.000 0.000 0.702 0.000 0.032 0.500 0.667 1.000 1.0 
 0.688 1.000 1.000 0.245 0.322 0.000 0.000 0.214 1.000 0.290 0.500 0.667 1.000 1.0 
 0.750 1.000 1.000 0.151 0.279 0.000 1.000 0.664 0.000 0.097 0.000 0.667 0.857 1.0 
 0.312 1.000 1.000 0.151 0.162 0.000 1.000 0.809 0.000 0.000 0.000 0.333 0.429 1.0 
 0.750 0.000 0.667 0.623 0.534 0.000 1.000 0.611 0.000 0.129 0.000 0.000 0.429 0.0
 0.646 1.000 1.000 0.292 0.301 0.000 1.000 0.534 1.000 0.452 0.500 0.333 1.000 1.0 
 0.458 0.000 0.667 0.434 0.416 0.000 1.000 0.542 0.000 0.242 0.000 0.333 0.429 0.0
 0.396 1.000 0.333 0.340 0.272 0.000 1.000 0.832 0.000 0.032 0.500 0.000 0.429 0.0
 0.604 1.000 1.000 0.528 0.329 0.000 1.000 0.305 1.000 0.129 0.000 0.000 1.000 1.0 
 0.333 1.000 1.000 0.094 0.187 0.000 1.000 0.588 1.000 0.484 0.500 0.000 0.429 0.0
 0.500 0.000 1.000 0.340 0.315 0.000 1.000 0.550 0.000 0.065 0.500 0.000 0.429 0.0
 0.208 1.000 0.667 0.434 0.445 0.000 1.000 0.847 0.000 0.000 0.000 0.000 0.429 0.0
 0.812 1.000 0.667 0.811 0.338 1.000 1.000 0.603 1.000 0.258 0.500 0.000 1.000 1.0 
 0.479 1.000 0.333 0.245 0.454 0.000 0.000 0.771 0.000 0.032 0.000 0.000 0.429 0.0
 0.312 1.000 0.667 0.434 0.249 0.000 1.000 0.832 0.000 0.000 0.000 0.000 0.429 0.0
 0.375 1.000 0.667 0.415 0.299 0.000 1.000 0.649 0.000 0.000 0.000 0.000 0.429 0.0
 0.500 0.000 0.667 0.321 0.205 0.000 1.000 0.336 0.000 0.000 0.000 0.000 0.000 0.0
 0.500 0.000 1.000 0.415 0.247 0.000 1.000 0.679 0.000 0.000 0.000 0.000 0.429 0.0
 0.458 0.000 0.667 0.340 0.297 0.000 1.000 0.595 0.000 0.081 0.000 0.000 0.429 0.0
 0.771 1.000 1.000 0.245 0.402 0.000 1.000 0.611 0.000 0.065 0.500 0.000 0.429 0.0
 0.688 0.000 1.000 0.623 0.087 0.000 1.000 0.565 0.000 1.000 1.000 1.000 1.000 1.0 
 0.688 1.000 0.667 0.340 0.240 0.000 0.000 0.573 0.000 0.290 0.500 1.000 1.000 0.0
 0.312 0.000 0.667 0.132 0.034 0.000 0.000 0.794 0.000 0.097 0.500 0.000 0.429 0.0
 0.708 0.000 0.667 0.387 0.288 0.000 1.000 0.771 0.000 0.000 0.000 0.000 0.429 0.0
 0.479 1.000 1.000 0.321 0.295 0.000 0.000 0.687 1.000 0.000 0.000 0.333 1.000 1.0 
 0.625 1.000 1.000 0.151 0.258 0.000 1.000 0.542 1.000 0.194 0.500 0.333 1.000 1.0 
 0.646 0.000 1.000 0.528 0.301 0.000 1.000 0.656 0.000 0.419 0.500 0.667 1.000 1.0 
 0.479 1.000 0.333 0.377 0.171 0.000 0.000 0.664 0.000 0.129 0.000 0.333 0.429 0.0
 0.396 1.000 1.000 0.264 0.219 0.000 1.000 0.878 0.000 0.000 0.000 0.000 0.429 0.0
 0.333 1.000 1.000 0.198 0.306 0.000 1.000 0.870 0.000 0.000 0.000 0.000 0.429 0.0
 0.104 1.000 0.000 0.226 0.128 0.000 1.000 0.786 0.000 0.000 0.000 0.000 0.429 0.0
 0.583 0.000 1.000 0.321 0.404 0.000 1.000 0.672 0.000 0.000 0.000 0.333 0.429 0.0
 0.875 0.000 0.667 0.151 0.317 1.000 1.000 0.450 0.000 0.000 0.000 0.333 0.429 0.0
 0.417 1.000 0.667 0.245 0.142 0.000 0.000 0.519 0.000 0.323 0.500 1.000 1.000 1.0 
 0.521 1.000 0.333 0.132 0.418 0.000 0.000 0.649 0.000 0.000 0.000 0.000 1.000 0.0
 0.625 1.000 1.000 0.434 0.116 0.000 0.000 0.695 1.000 0.000 0.000 0.333 1.000 1.0 
 0.583 1.000 0.667 0.321 0.235 0.000 1.000 0.603 0.000 0.065 0.500 0.333 1.000 1.0 
 0.667 1.000 1.000 0.245 0.306 0.000 0.000 0.527 1.000 0.581 0.500 0.333 1.000 1.0 
 0.208 1.000 1.000 0.226 0.212 0.000 0.000 0.527 0.000 0.194 0.500 0.000 1.000 1.0 
 0.667 0.000 1.000 0.481 0.413 0.000 1.000 0.573 1.000 0.161 0.500 0.000 1.000 1.0 
 0.562 1.000 1.000 0.292 0.281 1.000 1.000 0.557 1.000 0.194 0.500 0.333 0.429 1.0 
 0.479 1.000 0.000 0.226 0.137 0.000 1.000 0.908 0.000 0.000 0.500 0.000 0.857 0.0
 0.292 0.000 1.000 0.358 0.491 1.000 1.000 0.496 1.000 0.484 0.500 0.000 1.000 1.0 
 0.688 0.000 0.667 0.340 0.313 0.000 0.000 0.198 0.000 0.194 0.500 0.333 1.000 1.0 
 0.250 1.000 0.333 0.387 0.176 0.000 0.000 0.466 0.000 0.000 0.500 0.000 0.857 0.0
 0.604 1.000 0.667 0.434 0.194 1.000 1.000 0.718 0.000 0.000 0.000 0.000 0.429 0.0
 0.125 0.000 1.000 0.415 0.130 0.000 0.000 0.847 0.000 0.226 0.000 0.000 0.429 0.0
 0.708 1.000 1.000 0.340 0.466 1.000 1.000 0.466 1.000 0.290 0.000 1.000 1.000 1.0 
 0.750 1.000 1.000 0.387 0.292 0.000 1.000 0.427 0.000 0.452 0.500 0.333 1.000 1.0 
 0.396 1.000 1.000 0.340 0.297 1.000 1.000 0.603 1.000 0.000 0.000 0.667 1.000 1.0 
 0.708 0.000 1.000 0.528 0.642 0.000 1.000 0.634 0.000 0.645 0.500 1.000 1.000 1.0 
 0.458 1.000 0.667 0.057 0.219 0.000 0.000 0.550 1.000 0.194 0.500 0.000 0.429 0.0
 0.542 1.000 1.000 0.434 0.208 0.000 0.000 0.305 1.000 0.903 1.000 0.000 1.000 1.0 
 0.750 1.000 0.000 0.415 0.356 1.000 1.000 0.786 0.000 0.226 0.500 0.333 0.429 1.0 
 0.333 0.000 0.333 0.340 0.247 0.000 1.000 0.794 0.000 0.097 0.500 0.000 0.429 0.0
 0.562 0.000 1.000 1.000 0.370 1.000 1.000 0.473 1.000 0.645 1.000 0.667 1.000 1.0 
 0.521 1.000 1.000 0.151 0.258 0.000 0.000 0.420 1.000 0.452 0.500 0.333 1.000 1.0 
 0.312 1.000 0.333 0.245 0.215 0.000 0.000 0.756 0.000 0.000 0.000 0.000 0.429 0.0
 0.688 0.000 1.000 0.283 0.189 0.000 0.000 0.702 0.000 0.000 0.000 0.000 0.429 0.0
 0.521 1.000 0.667 0.245 0.301 0.000 1.000 0.580 0.000 0.065 0.500 0.000 1.000 0.0
 0.458 1.000 0.667 0.000 0.231 0.000 0.000 0.634 1.000 0.000 0.000 0.333 1.000 0.0
 0.000 1.000 0.333 0.340 0.178 0.000 1.000 1.000 0.000 0.000 0.000 0.000 0.429 0.0
 0.458 1.000 1.000 0.434 0.308 0.000 1.000 0.878 1.000 0.000 0.000 0.000 0.429 0.0
 0.292 0.000 0.667 0.264 0.199 0.000 0.000 0.718 0.000 0.032 0.500 0.000 0.429 0.0
 0.542 0.000 0.333 0.387 0.283 0.000 1.000 0.687 0.000 0.226 0.500 0.000 0.429 0.0
 0.854 1.000 1.000 0.481 0.110 0.000 0.000 0.412 1.000 0.419 1.000 0.000 1.000 1.0 
 0.688 1.000 0.333 0.245 0.354 0.000 1.000 0.244 0.000 0.226 0.500 0.333 1.000 1.0 
 0.125 1.000 1.000 0.245 0.164 0.000 0.000 0.450 1.000 0.258 0.500 0.000 1.000 1.0 
 0.458 1.000 0.667 0.292 0.272 1.000 1.000 0.725 0.000 0.387 0.500 0.000 0.429 0.0
 0.625 1.000 0.333 0.434 0.217 0.000 0.000 0.710 1.000 0.000 0.000 0.000 0.429 0.0
 0.625 1.000 0.000 0.717 0.370 0.000 1.000 0.672 0.000 0.032 0.500 0.000 1.000 1.0 
 0.479 1.000 0.333 0.321 0.180 1.000 0.000 0.863 0.000 0.000 0.000 0.000 0.429 0.0
 0.729 1.000 0.667 0.292 0.418 0.000 0.000 0.458 1.000 0.290 0.500 0.000 1.000 1.0 
 0.604 1.000 0.667 0.104 0.260 0.000 1.000 0.634 1.000 0.097 0.500 0.000 1.000 0.0
 0.375 1.000 0.667 0.132 0.267 0.000 0.000 0.618 0.000 0.000 0.000 0.000 0.429 1.0 
 0.583 1.000 1.000 0.670 0.372 1.000 1.000 0.405 0.000 0.161 0.500 1.000 1.000 1.0 
 0.250 1.000 0.667 0.170 0.283 0.000 0.000 0.824 0.000 0.000 0.000 0.000 0.429 0.0
 0.333 1.000 0.333 0.321 0.416 0.000 1.000 0.756 0.000 0.000 0.000 0.000 0.429 0.0
 0.646 0.000 0.667 0.075 0.438 0.000 0.000 0.679 0.000 0.000 0.000 0.333 0.429 0.0
 0.479 1.000 0.000 0.547 0.393 1.000 0.000 0.817 0.000 0.194 0.500 0.000 1.000 0.0
