 0.271 0.000 1.000 0.075 0.317 0.000 1.000 0.389 0.000 0.097 0.500 0.000 0.429 0.0
 0.792 0.000 0.667 0.198 1.000 0.000 1.000 0.679 0.000 0.258 0.500 0.000 1.000 0.0
 0.542 1.000 1.000 0.623 0.372 0.000 1.000 0.565 1.000 0.129 0.500 0.333 1.000 1.0 
 0.729 1.000 1.000 0.245 0.274 0.000 1.000 0.191 1.000 0.355 1.000 0.333 0.429 1.0 
 0.854 1.000 1.000 0.340 0.447 0.000 1.000 0.290 0.000 0.387 0.500 1.000 0.429 1.0 
 0.458 1.000 1.000 0.434 0.395 0.000 0.000 0.779 1.000 0.258 0.000 0.000 1.000 1.0 
 0.604 1.000 1.000 0.292 0.397 0.000 1.000 0.763 0.000 0.000 0.000 0.667 1.000 1.0 
 0.646 1.000 1.000 0.434 0.381 0.000 1.000 0.756 0.000 0.194 0.500 0.667 1.000 1.0 
 0.812 1.000 0.667 0.226 0.345 0.000 0.000 0.611 0.000 0.161 0.000 0.333 1.000 0.0
 0.354 1.000 0.333 0.066 0.162 1.000 0.000 0.649 0.000 0.000 0.000 0.000 1.000 0.0
 1.000 1.000 1.000 0.292 0.406 0.000 1.000 0.695 1.000 0.000 0.000 1.000 0.429 1.0 
 0.521 0.000 0.667 0.151 0.201 0.000 0.000 0.664 0.000 0.258 0.500 0.000 0.429 0.0
 0.604 0.000 1.000 0.057 0.279 0.000 1.000 0.389 0.000 0.161 0.500 0.000 0.429 0.0
 0.396 1.000 0.667 0.283 0.295 1.000 0.000 0.794 0.000 0.000 0.000 0.667 0.429 0.0
 0.583 1.000 1.000 0.358 0.185 0.000 0.000 0.740 1.000 0.000 0.000 0.000 1.000 0.0
 0.479 1.000 0.667 0.415 0.221 0.000 0.000 0.748 0.000 0.000 0.000 0.000 0.429 0.0
 0.521 0.000 0.333 0.358 0.370 1.000 1.000 0.672 1.000 0.000 0.000 0.333 0.429 0.0
 0.125 1.000 1.000 0.302 0.356 0.000 1.000 0.649 1.000 0.000 0.000 0.000 1.000 1.0 
 0.333 0.000 0.333 0.170 0.078 0.000 0.000 0.511 0.000 0.000 0.500 0.000 0.429 0.0
 0.854 1.000 0.667 0.623 0.326 0.000 0.000 0.313 1.000 0.468 0.500 0.333 1.000 1.0 
 0.500 1.000 1.000 0.453 0.228 0.000 1.000 0.305 1.000 0.000 0.000 0.000 1.000 0.0
 0.625 0.000 1.000 0.755 0.281 0.000 0.000 0.550 1.000 0.000 0.500 0.000 0.429 1.0 
 0.688 0.000 1.000 0.434 0.612 0.000 1.000 0.656 0.000 0.194 0.500 0.000 0.429 0.0
 0.729 1.000 1.000 0.481 0.196 0.000 1.000 0.466 0.000 0.323 0.500 0.667 0.857 1.0 
 0.583 1.000 1.000 0.547 0.338 0.000 0.000 0.130 1.000 0.194 0.500 0.333 1.000 1.0 
 0.479 1.000 1.000 0.132 0.244 1.000 0.000 0.580 0.000 0.016 0.000 1.000 1.000 0.0
 0.562 1.000 1.000 0.358 0.132 0.000 1.000 0.260 1.000 0.339 0.500 0.333 0.857 1.0 
 0.292 1.000 0.667 0.340 0.432 0.000 0.000 0.695 0.000 0.306 0.000 0.333 0.429 0.0
 0.500 1.000 0.667 0.340 0.274 1.000 1.000 0.779 0.000 0.000 0.000 1.000 0.429 0.0
 0.396 1.000 1.000 0.283 0.338 0.000 1.000 0.725 0.000 0.081 0.500 0.000 1.000 1.0 
 0.562 0.000 1.000 0.377 0.646 0.000 1.000 0.603 1.000 0.306 0.500 0.667 1.000 1.0 
 0.271 1.000 0.000 0.509 0.269 0.000 1.000 0.817 0.000 0.129 0.000 0.667 0.429 0.0
 0.625 1.000 0.000 0.792 0.329 0.000 1.000 0.565 0.000 0.677 1.000 0.000 1.000 0.0
 0.646 0.000 1.000 0.604 0.409 0.000 1.000 0.687 0.000 0.000 0.000 0.000 0.429 1.0 
 0.708 0.000 0.333 0.434 0.158 0.000 0.000 0.824 0.000 0.000 0.000 0.667 0.429 0.0
 0.271 1.000 0.667 0.245 0.260 1.000 0.000 0.939 0.000 0.129 1.000 0.000 1.000 0.0
 0.771 1.000 0.333 0.623 0.274 0.000 0.000 0.374 1.000 0.000 0.500 1.000 0.857 1.0 
 0.521 1.000 0.333 0.925 0.358 0.000 1.000 0.947 0.000 0.000 0.000 0.333 1.000 1.0 
 0.833 1.000 0.667 0.434 0.292 0.000 1.000 0.573 0.000 0.323 0.500 1.000 1.000 1.0 
 0.438 1.000 0.667 0.330 0.160 0.000 0.000 0.702 0.000 0.000 0.000 0.000 0.429 0.0
 0.458 1.000 1.000 0.434 0.393 0.000 0.000 0.389 1.000 0.677 0.500 1.000 1.000 1.0 
 0.292 1.000 1.000 0.358 0.276 1.000 1.000 0.550 1.000 0.016 0.500 0.000 1.000 1.0 
 0.688 0.000 1.000 0.415 0.384 1.000 0.000 0.267 0.000 0.306 0.500 1.000 0.429 1.0 
 0.812 0.000 0.667 0.245 0.194 0.000 1.000 0.336 0.000 0.242 0.500 0.000 0.429 0.0
 0.792 1.000 1.000 0.057 0.395 0.000 1.000 0.412 1.000 0.145 0.500 0.667 0.429 1.0 
 0.833 1.000 0.000 0.623 0.247 1.000 1.000 0.458 0.000 0.016 0.500 0.333 0.429 0.0
 0.333 0.000 1.000 0.415 0.251 0.000 1.000 0.618 1.000 0.032 0.500 0.000 0.429 0.0
 0.438 0.000 0.333 0.245 0.269 0.000 0.000 0.695 0.000 0.177 0.000 0.000 0.429 0.0
 0.625 1.000 0.000 0.623 0.336 0.000 1.000 0.412 0.000 0.000 0.000 0.000 0.429 1.0 
 0.438 0.000 1.000 0.151 0.292 0.000 1.000 0.672 0.000 0.000 0.000 0.000 0.429 0.0
 0.729 0.000 1.000 0.811 0.454 0.000 0.000 0.634 1.000 0.000 0.000 0.000 0.429 0.0
 0.583 1.000 0.667 0.528 0.000 1.000 0.000 0.779 0.000 0.032 0.000 0.333 1.000 0.0
 0.729 0.000 0.667 0.434 0.427 0.000 0.000 0.473 0.000 0.032 0.000 0.000 1.000 0.0
 0.292 1.000 1.000 0.151 0.194 0.000 0.000 0.687 0.000 0.000 0.000 0.000 1.000 0.0
 0.333 1.000 1.000 0.453 0.418 0.000 1.000 0.580 1.000 0.000 0.500 1.000 1.000 1.0 
 0.604 1.000 1.000 0.321 0.304 0.000 1.000 0.450 1.000 0.484 0.500 0.667 1.000 1.0 
 0.438 1.000 1.000 0.472 0.169 0.000 1.000 0.420 1.000 0.145 0.500 0.000 1.000 1.0 
 0.542 1.000 0.333 0.340 0.311 0.000 0.000 0.641 0.000 0.000 0.000 0.000 0.429 0.0
 0.688 0.000 1.000 0.528 0.269 0.000 0.000 0.634 1.000 0.226 0.500 0.000 0.429 1.0 
 0.167 0.000 0.667 0.245 0.203 0.000 0.000 0.756 0.000 0.000 0.000 0.000 0.429 0.0
 0.188 1.000 0.000 0.245 0.240 0.000 0.000 0.847 1.000 0.613 0.500 0.000 1.000 1.0 
 0.250 1.000 0.667 0.340 0.201 0.000 1.000 0.740 0.000 0.323 0.500 0.000 0.429 0.0
 0.771 0.000 1.000 0.792 0.233 1.000 0.000 0.718 1.000 0.161 0.500 0.667 1.000 1.0 
 0.479 1.000 1.000 0.170 0.237 0.000 0.000 0.679 0.000 0.000 0.000 0.333 0.429 1.0 
 0.562 1.000 0.000 0.245 0.153 0.000 1.000 0.695 0.000 0.306 0.500 0.000 1.000 0.0
 0.354 0.000 0.333 0.104 0.178 0.000 0.000 0.771 0.000 0.000 0.000 0.000 0.429 0.0
 0.354 0.000 1.000 0.415 0.267 0.000 1.000 0.618 1.000 0.000 0.500 0.000 0.429 0.0
 0.729 0.000 1.000 0.340 0.404 0.000 0.000 0.389 0.000 0.323 0.500 0.667 0.429 0.0
 0.625 1.000 1.000 0.415 0.331 0.000 1.000 0.847 0.000 0.000 0.000 0.000 0.429 0.0
 0.250 0.000 0.667 0.170 0.324 0.000 1.000 0.771 1.000 0.000 0.000 0.000 0.429 0.0
 0.521 0.000 0.667 0.132 0.322 0.000 1.000 0.733 0.000 0.000 0.000 0.000 0.429 0.0
 0.208 0.000 0.667 0.000 0.167 0.000 0.000 0.824 0.000 0.000 0.000 0.000 0.429 0.0
 0.500 1.000 1.000 0.274 0.356 0.000 0.000 0.183 1.000 0.323 0.500 0.667 1.000 1.0 
 0.708 0.000 1.000 0.132 0.326 0.000 0.000 0.748 1.000 0.290 0.500 0.667 0.429 1.0 
 0.104 0.000 0.333 0.226 0.192 0.000 0.000 0.924 0.000 0.113 0.000 0.000 0.429 0.0
 0.375 1.000 1.000 0.170 0.178 0.000 0.000 0.550 0.000 0.016 0.000 0.000 0.429 0.0
 0.792 0.000 0.667 0.547 0.345 0.000 0.000 0.771 0.000 0.000 0.000 0.333 0.429 0.0
 0.521 1.000 1.000 0.151 0.183 0.000 1.000 0.282 1.000 0.000 0.500 0.333 0.429 1.0 
 0.771 1.000 1.000 0.170 0.196 0.000 1.000 0.466 1.000 0.016 0.000 0.333 0.429 1.0 
 0.479 0.000 0.667 0.396 0.160 0.000 1.000 0.748 0.000 0.016 0.500 0.000 0.429 0.0
 0.542 0.000 1.000 0.811 0.459 0.000 0.500 0.351 1.000 0.548 0.500 0.000 0.429 1.0 
 0.417 1.000 0.667 0.226 0.053 0.000 1.000 0.420 0.000 0.129 0.000 1.000 0.429 1.0 
 0.938 0.000 0.333 0.245 0.326 0.000 1.000 0.382 1.000 0.032 0.000 0.333 0.429 0.0
 0.521 0.000 0.667 0.623 0.171 0.000 0.000 0.702 0.000 0.000 0.000 0.333 0.429 0.0
 0.521 1.000 1.000 0.264 0.365 0.000 1.000 0.344 1.000 0.516 0.500 0.667 0.429 1.0 
 0.562 1.000 1.000 0.340 0.358 1.000 1.000 0.244 1.000 0.258 1.000 0.000 1.000 1.0 
 0.354 1.000 1.000 0.245 0.281 0.000 1.000 0.557 0.000 0.129 0.000 0.000 1.000 1.0 
 0.417 0.000 0.333 0.377 0.331 0.000 0.000 0.695 0.000 0.000 0.500 0.000 0.429 0.0
 0.271 1.000 0.333 0.245 0.386 0.000 0.000 0.695 0.000 0.000 0.000 0.000 0.429 0.0
 0.250 1.000 0.333 0.151 0.249 0.000 0.000 0.626 0.000 0.000 0.000 0.000 0.429 0.0
 0.250 0.000 0.333 0.302 0.411 0.000 0.000 0.702 0.000 0.000 0.000 0.000 0.429 0.0
 0.417 0.000 1.000 0.340 0.326 0.000 0.000 0.702 0.000 0.000 0.000 0.000 0.429 0.0
 0.667 1.000 0.000 0.377 0.247 0.000 0.000 0.565 0.000 0.419 0.500 0.667 0.429 1.0 
 0.646 0.000 0.667 0.245 0.119 1.000 0.000 0.191 0.000 0.000 0.000 0.000 0.429 0.0
 0.792 1.000 1.000 0.245 0.253 0.000 0.000 0.000 0.000 0.161 0.500 0.000 0.429 1.0 
 0.604 1.000 1.000 0.057 0.247 0.000 0.000 0.649 0.000 0.016 0.000 0.333 1.000 1.0 
 0.375 1.000 1.000 0.151 0.340 0.000 1.000 0.359 1.000 0.161 0.500 0.333 0.429 1.0 
 0.479 1.000 1.000 0.292 0.196 0.000 0.000 0.740 0.000 0.161 0.000 0.667 1.000 1.0 
 0.688 1.000 0.333 0.321 0.187 1.000 1.000 0.527 0.000 0.000 0.000 0.000 0.429 0.0
 0.583 1.000 1.000 0.151 0.171 0.000 0.000 0.420 1.000 0.242 0.500 0.000 0.857 0.0
 0.604 1.000 1.000 0.491 0.210 0.000 0.000 0.260 0.000 0.323 0.500 0.333 1.000 1.0 
 0.729 1.000 1.000 0.321 0.313 0.000 0.000 0.260 1.000 0.032 0.500 0.333 1.000 0.0
 0.458 0.000 0.667 0.245 0.386 0.000 1.000 0.656 0.000 0.097 0.000 0.000 0.429 0.0
 0.292 1.000 1.000 0.198 0.404 0.000 0.000 0.840 0.000 0.194 0.500 0.000 0.429 0.0
 0.271 0.000 0.667 0.245 0.189 0.000 0.000 0.779 0.000 0.000 0.500 0.000 0.429 0.0
 0.792 0.000 1.000 0.113 0.221 0.000 0.000 0.542 0.000 0.048 0.000 0.667 0.429 0.0
 0.979 0.000 0.667 0.434 0.162 0.000 0.500 0.344 0.000 0.177 0.500 0.000 0.429 0.0
 0.854 1.000 0.333 0.585 0.272 0.000 1.000 0.550 0.000 0.000 0.000 0.000 0.429 0.0
 0.583 1.000 0.333 0.283 0.308 0.000 0.000 0.534 0.000 0.048 0.000 0.000 1.000 1.0 
 0.312 0.000 0.667 0.226 0.265 0.000 0.000 0.595 0.000 0.048 0.500 0.333 0.429 0.0
 0.604 0.000 0.333 0.396 0.441 1.000 1.000 0.618 0.000 0.000 0.000 0.667 0.429 1.0 
 0.646 0.000 0.000 0.528 0.260 0.000 0.000 0.763 0.000 0.145 0.000 0.000 0.429 0.0
 0.312 1.000 0.667 0.245 0.228 0.000 0.000 0.748 0.000 0.000 0.000 0.000 0.429 0.0
 0.667 1.000 1.000 0.415 0.091 0.000 1.000 0.412 1.000 0.581 0.500 0.333 0.429 1.0 
 0.271 1.000 1.000 0.396 0.432 0.000 0.000 0.412 1.000 0.290 0.500 0.000 0.857 1.0 
 0.479 1.000 1.000 0.321 0.178 1.000 0.000 0.649 1.000 0.161 0.500 0.000 0.000 1.0 
 0.625 1.000 0.667 0.302 0.210 1.000 0.000 0.481 0.000 0.355 0.500 0.333 0.857 1.0 
 0.229 1.000 1.000 0.547 0.221 0.000 0.000 0.840 0.000 0.000 0.000 0.000 1.000 1.0 
 0.271 1.000 0.667 0.340 0.123 0.000 0.000 0.603 0.000 0.000 0.000 0.000 0.429 0.0
 0.667 1.000 1.000 0.434 0.185 0.000 1.000 0.511 1.000 0.306 0.000 0.333 1.000 1.0 
 0.771 1.000 1.000 0.623 0.233 0.000 1.000 0.511 0.000 0.371 0.000 0.000 0.857 0.0
 0.354 1.000 1.000 0.434 0.422 0.000 0.000 0.374 1.000 0.290 0.500 0.667 1.000 1.0 
 0.875 0.000 1.000 0.170 0.053 0.000 0.000 0.412 0.000 0.258 0.500 0.000 0.429 0.0
 0.625 1.000 0.000 0.377 0.178 0.000 0.000 0.695 0.000 0.129 0.000 0.667 0.429 1.0 
 0.729 1.000 0.000 0.717 0.231 0.000 1.000 0.641 0.000 0.097 0.500 0.000 1.000 0.0
 0.771 0.000 0.667 0.491 0.347 0.000 1.000 0.618 0.000 0.000 0.500 0.333 0.429 0.0
 0.208 0.000 0.667 0.415 0.215 0.000 0.000 0.618 0.000 0.000 0.500 0.000 0.429 0.0
 0.583 1.000 0.333 0.566 0.242 0.000 1.000 0.710 0.000 0.000 0.000 0.333 0.429 1.0 
 0.604 0.000 1.000 0.340 0.162 0.000 0.000 0.458 0.000 0.097 0.500 0.000 0.429 0.0
 0.583 1.000 1.000 0.151 0.477 0.000 0.000 0.550 1.000 0.484 0.500 0.333 1.000 1.0 
 0.375 1.000 0.667 0.340 0.290 0.000 0.000 0.824 0.000 0.000 0.000 0.000 0.429 0.0
 0.542 0.000 1.000 0.321 0.180 0.000 0.500 0.450 1.000 0.323 0.500 0.333 1.000 1.0 
 0.125 1.000 0.333 0.264 0.151 0.000 0.000 0.786 0.000 0.000 0.000 0.000 0.429 0.0
 0.667 1.000 1.000 0.509 0.176 0.000 0.000 0.687 0.000 0.000 0.000 0.333 1.000 1.0 
 0.604 1.000 1.000 0.189 0.438 0.000 0.500 0.527 0.000 0.710 1.000 1.000 0.857 1.0 
 0.604 0.000 1.000 0.717 0.226 1.000 1.000 0.573 1.000 0.452 0.500 0.667 0.857 1.0 
 0.604 1.000 0.333 0.292 0.215 0.000 0.000 0.557 0.000 0.065 0.500 0.000 1.000 0.0
 0.562 1.000 0.333 0.340 0.217 0.000 1.000 0.702 0.000 0.000 0.000 0.000 1.000 0.0
 0.562 1.000 0.333 0.245 0.260 0.000 0.000 0.748 0.000 0.000 1.000 0.000 0.429 0.0
 0.792 1.000 0.667 0.547 0.196 0.000 1.000 0.603 0.000 0.129 0.500 0.000 1.000 1.0 
 0.542 0.000 0.333 0.358 0.493 0.000 0.000 0.725 0.000 0.194 0.000 0.000 0.429 0.0
 0.312 1.000 1.000 0.245 0.098 0.000 0.000 0.557 1.000 0.452 1.000 0.000 0.857 1.0 
 0.708 1.000 1.000 0.434 0.139 0.000 1.000 0.557 1.000 0.645 0.000 0.667 1.000 1.0 
 0.708 0.000 1.000 0.283 0.162 0.000 0.000 0.496 1.000 0.000 0.500 0.000 0.429 1.0 
 0.250 1.000 0.333 0.245 0.071 0.000 0.000 0.847 0.000 0.000 0.000 0.000 0.429 0.0
 0.625 1.000 1.000 0.660 0.114 1.000 1.000 0.145 0.000 0.161 0.500 0.667 0.857 1.0 
 0.583 0.000 1.000 0.434 0.263 0.000 0.000 0.397 1.000 0.032 0.500 0.000 1.000 1.0 
 0.333 1.000 0.000 0.151 0.315 0.000 0.000 0.466 0.000 0.194 0.500 0.000 1.000 1.0 
 0.812 1.000 1.000 0.472 0.153 1.000 0.000 0.534 0.000 0.548 0.500 0.667 1.000 1.0 
 0.583 1.000 1.000 0.340 0.011 0.000 0.000 0.336 1.000 0.194 0.500 0.333 1.000 1.0 
 0.583 0.000 0.333 0.340 0.251 0.000 1.000 0.786 0.000 0.000 0.500 0.333 0.429 1.0 
 0.188 1.000 0.667 0.415 0.112 0.000 0.000 0.779 0.000 0.000 0.000 0.000 0.429 0.0
