9355 8169 6339 7424 6475 4875 250 949 6524 1
5091 2875 6167 6833 7333 5320 835 331 7839 1
3227 5250 8500 5833 5667 5326 646 536 6158 0
3273 1875 7000 7500 6667 5278 961 221 7633 1
1455 5208 8667 5667 5667 5314 583 394 9074 0
2488 4678 7288 5390 5390 4829 666 383 6415 0
2581 1593 5932 6610 6475 4826 982 250 9421 1
6452 6305 6068 7424 5390 4858 433 533 5763 0
5714 6644 5932 7831 5119 4847 533 733 7502 0
1106 3898 8237 6475 5119 4840 633 516 8660 0
2995 1153 5797 6746 6203 4835 1099 233 7972 1
6866 6305 7288 7288 5390 4851 399 666 6198 0
3727 2583 7167 6833 7000 5318 914 331 6844 1
5622 6847 5661 6475 5390 4851 283 965 8515 0
4045 2750 7000 7333 7000 5312 694 252 5815 1
9124 6678 6881 6203 5390 4865 233 865 8479 1
5346 3051 4983 6610 5390 4847 849 449 6922 0
1521 3864 8508 6339 5119 4841 566 366 9167 0
3779 4644 7559 5254 5119 4844 649 399 5076 0
4009 4881 6339 5119 5119 4838 583 483 5220 0
3779 1898 5525 6068 5932 4829 1248 383 9855 1
3409 4375 8667 7333 6333 5314 709 630 6844 0
8341 7356 6746 7424 5661 4866 250 616 8262 0
3226 4712 6881 5254 5119 4821 583 267 7284 0
2909 5167 8500 6167 5667 5316 630 536 6398 0
2909 1125 7000 7500 7000 5318 930 425 7839 1
1000 4833 9999 6333 5667 5322 772 552 9691 0
7742 7186 6068 7695 5390 4882 0 599 7538 0
3641 1525 5661 6475 6203 4801 782 383 8552 1
8710 8000 7966 7017 7288 4875 449 765 8371 1
2304 4949 7288 4983 5119 4832 483 566 8588 0
922 4068 8237 5525 5661 4835 749  83 8588 0
8157 5220 7017 5390 5119 4871 350 483 8407 0
3779 4644 7559 5254 5119 4844 649 399 5076 0
2909 1125 7000 7500 7000 5318 930 425 7839 1
2995 4780 6475 5119 5661 4815 516 316 6922 0
4516 2814 6610 6339 6475 4843 633 350 8950 1
7742 7186 6068 7695 5390 4882 0 599 7538 0
3871 1966 6203 6746 5661 4835 1265 333 8878 1
1106 4339 7966 6068 5390 4826 666 549 9602 0
9999 7627 7424 7966 5932 4865 316 666 8479 0
5899 6441 5254 7153 5661 4858 300 716 7176 0
4332 2576 6068 6610 6203 4823 683 217 7538 0
2591 1208 6667 8000 7000 5284 1040 394 7908 1
3818 2375 6500 7500 6333 5310 914 457 8731 1
3779 4712 6610 4983 5119 4841 583 466 5763 0
3136 1375 7333 7500 6667 5318 1103 378 8182 1
2811 4814 7017 5119 5119 4826 549 516 7176 0
7318 5542 7667 5833 5667 5356 410 567 4855 0
2028 4610 7966 5390 5119 4830 749 316 7429 0
2396 4746 7695 5119 5119 4796 599 350 7538 0
6959 6712 6881 7695 5661 4855 416 566 6198 0
5909 6917 6167 8333 6000 5339 488 599 5781 0
4885 1593 5661 7424 5119 4829 733 316 8479 0
3000 5292 7667 5667 5667 5318 567 520 8559 0
2396 4746 7695 5119 5119 4796 599 350 7538 0
2166 3627 7424 8102 5119 4819 616 449 8262 0
2581 4881 7559 4983 6203 4838 399 383 6379 0
1591 3833 8667 8333 6667 5312 646 552 8662 0
2949 4814 6610 5119 5119 4830 549 383 8841 0
6912 6305 5797 6881 5932 4868 466 765 6415 0
5115 2949 5254 7017 5390 4818 799 350 8407 0
4055 2847 5661 5932 6203 4816 899 666 7248 0
3594 2847 5797 6203 5932 4826 965 466 8914 1
3502 1119 6746 6881 6746 4819 765 399 6741 1
1429 4271 7831 5390 5390 4833 815 449 8407 0
2074 4780 7017 5119 5119 4823 583 449 7465 0
1244 4881 6746 5119 5932 4813 533 516 7465 0
3727 2583 7167 6833 7000 5318 914 331 6844 1
6912 5627 7017 6881 5932 4861 483 699 4351 0
4136 2958 7167 7333 6333 5322 851 425 7839 1
3733 3492 6339 6068 5661 4826 765 566 5763 0
3864 2417 7000 7333 6667 5303 819 520 6810 1
3594 4169 6881 5797 5390 4840 765 366 6415 0
2949 4814 6610 5119 5119 4830 549 383 8841 0
3134 4712 6746 5119 5119 4829 599 399 7284 0
1818 5000 8667 6167 5667 5324 709 599 7393 0
7318 5542 7667 5833 5667 5356 410 567 4855 0
1751 4373 8373 6203 5661 4833 549 499 6669 0
6313 6508 6203 7966 5661 4851 499 616 5582 0
3502 1119 6746 6881 6746 4819 765 399 6741 1
3410 3593 5390 6746 5119 4749 832 499 6777 0
2212 1220 6203 6610 6475 4816 915 483 9529 1
4864 3417 7000 7667 6333 5307 725 410 6844 0
4136 5208 7667 5667 6667 5316 552 347 5095 0
2909 375 6667 7500 6667 5326 1292 331 9383 1
3733 3492 6339 6068 5661 4826 765 566 5763 0
5955 6792 6000 7667 6000 5337 425 552 5095 0
2258 4576 7153 5797 5390 4818 599 333 8588 0
4545 3417 6667 7333 6333 5314 804 315 8011 1
2949 4814 6610 5119 5119 4830 549 383 8841 0
1521 3864 8508 6339 5119 4841 566 366 9167 0
3273 2542 7333 7833 6333 5322 977 488 7153 1
2364 750 7167 7500 7333 5308 961 252 9794 1
9493 7153 7153 7966 5390 4860 250 666 9493 0
2995 4508 5661 5661 5932 4793 749 716 8515 0
3134 4441 7017 5661 5119 4819 716 499 6488 0
5899 6441 5254 7153 5661 4858 300 716 7176 0
3779 2203 5797 7017 5932 4816 782 399 6741 1
3818 4833 8167 6833 7000 5303 599 615 5061 0
3963 2339 6068 6746 6203 4841 815 350 8407 1
4055 2271 5797 7017 6203 4812 832 117 6524 0
4885 1593 5661 7424 5119 4829 733 316 8479 0
2627 2000 5797 6610 6475 4810 932 449 8334 1
5909 7458 5833 8500 7333 5337 488 567 4683 0
3000 4208 8667 9167 5667 5322 646 347 6158 0
1864 5042 8667 6500 6333 5307 583 615 7393 0
2903 4576 6881 5254 5119 4805 749 366 5220 0
5161 1966 5932 7153 6203 4841 683 250 9493 0
0 4508 7559 5525 5390 4807 666 433 9312 0
7419 6881 6203 7831 6203 4880 416 566 7610 0
3272 4712 7288 4983 5119 4813 583 483 7429 0
4378 3458 5525 6068 5661 4840 1115 233 8081 1
4591 1125 7333 7333 7000 5316 662 410 9794 1
2364 750 7167 7500 7333 5308 961 252 9794 1
5346 3051 4983 6610 5390 4847 849 449 6922 0
2682 5417 8833 5667 6333 5303 473 410 5747 0
8157 5220 7017 5390 5119 4871 350 483 8407 0
1613 4610 7288 5390 5119 4840 733 483 7248 0
5115 2949 5254 7017 5390 4818 799 350 8407 0
3594 4881 7424 5119 5661 4837 533 533 5763 0
4009 4881 6339 5119 5119 4838 583 483 5220 0
3136 5042 9000 5833 5667 5312 646 425 5095 0
2773 5292 7667 5500 6667 5285 583 646 9108 0
545 5042 9833 6167 6000 5324 662 772 9108 0
2727 583 6833 7500 7000 5293 835 394 8148 1
2949 4814 6610 5119 5119 4830 549 383 8841 0
3136 1500 7167 7500 6000 5295 898 205 5884 1
2995 4508 5661 5661 5932 4793 749 716 8515 0
2074 4644 7695 5254 5119 4838 616 399 7864 0
3091 1458 6500 7667 6333 5295 1088 410 8525 1
3409 5292 8500 5667 5667 5324 567 457 4683 0
5346 3051 4983 6610 5390 4847 849 449 6922 0
