3225 2169 5932 6067 5932 4822 1015 249 9855 1
1000 4833 9999 6333 5667 5322 772 552 9691 0
5023 3864 5390 7017 5661 4833 699 483 4351 0
1382 4169 8237 5525 5119 4837 782 483 8588 0
3963 2339 6068 6746 6203 4841 815 350 8407 1
5864 7083 5667 8167 6000 5335 315 599 5061 0
3180 2441 5932 6203 6475 4829 982 466 9529 1
2074 4644 7695 5254 5119 4838 616 399 7864 0
545 5042 9833 6167 6000 5324 662 772 9108 0
2074 4780 7017 5119 5119 4823 583 449 7465 0
3909 3167 7167 7000 6333 5308 993 252 5061 1
3364 1333 6667 7500 7667 5324 883 315 6124 1
3818 4833 8167 6833 7000 5303 599 615 5061 0
1797 3661 7966 6475 5390 4826 666 267 8479 0
4977 2339 5390 6203 5661 4815 832 100 7248 0
3227 5250 8500 5833 5667 5326 646 536 6158 0
4136 2958 7167 7333 6333 5322 851 425 7839 1
1797 4644 7695 5254 5119 4832 599 449 7864 0
3409 5292 8500 5667 5667 5324 567 457 4683 0
6959 6712 6881 7695 5661 4855 416 566 6198 0
5909 7458 5833 8500 7333 5337 488 567 4683 0
1198 4847 7153 5119 5119 4824 616 399 8515 0
1000 4833 9999 6333 5667 5322 772 552 9691 0
8203 7763 5932 8644 5932 4865 250 649 8262 1
7281 7458 6068 7966 5119 4880 366 749 7429 0
3409 4375 8667 7333 6333 5314 709 630 6844 0
5530 3119 5525 7424 5119 4844 633 366 7176 0
4136 2958 6500 7333 7000 5314 977 504 6124 1
2909 1125 7000 7500 7000 5318 930 425 7839 1
415 3797 7559 6881 5119 4818 649 649 9819 0
3502 2542 6475 6475 5661 4843 1082 350 8008 1
5818 7833 5667 8667 6333 5335 473 646 6158 0
1521 3864 8508 6339 5119 4841 566 366 9167 0
3272 4712 7288 4983 5119 4813 583 483 7429 0
4364 2375 6833 8333 7333 5322 662 457 5061 1
3134 4712 6746 5119 5119 4829 599 399 7284 0
3272 4712 7288 4983 5119 4813 583 483 7429 0
2811 1322 6475 6475 7017 4838 1049 316 8226 1
2773 5292 7667 5500 6667 5285 583 646 9108 0
3636 2375 6833 6833 6667 5312 1009 504 8011 1
4136 5208 7667 5667 6667 5316 552 347 5095 0
2627 2000 5797 6610 6475 4810 932 449 8334 1
3318 1667 7667 7667 6667 5328 930 142 8662 1
5273 3875 6167 7667 6000 5320 756 410 4855 0
7281 7458 6068 7966 5119 4880 366 749 7429 0
3871 1966 6203 6746 5661 4835 1265 333 8878 1
3134 4441 7017 5661 5119 4819 716 499 6488 0
4136 5208 7667 5667 6667 5316 552 347 5095 0
1014 4814 8102 5119 5119 4824 549 516 8008 0
8045 5625 9333 5833 5667 5339 394 804 7393 0
1591 3833 8667 8333 6667 5312 646 552 8662 0
4000 5292 8333 5833 5667 5324 599 567 5781 0
2955 0 7167 7833 8000 5314 819 363 9999 1
3909 3167 7167 7000 6333 5308 993 252 5061 1
3594 4678 7288 5254 5119 4833 666 516 6198 0
3779 4644 7559 5254 5119 4844 649 399 5076 0
2719 4339 8373 6746 5119 4826 566 449 5763 0
3727 2583 7167 6833 7000 5318 914 331 6844 1
3091 1708 7167 7500 7000 5299 725 441 9383 1
3226 1966 5797 6746 5932 4829 999 333 8805 1
2673 4136 7831 7017 5390 4837 633 549 8190 0
5161 1966 5932 7153 6203 4841 683 250 9493 0
2949 1864 5797 6610 6203 4826 1132 449 8805 1
3318 2780 6068 6610 6475 4827 782 416 8117 1
2581 4644 7831 5525 5661 4832 599 499 6488 0
1751 4373 8373 6203 5661 4833 549 499 6669 0
5530 3119 5525 7424 5119 4844 633 366 7176 0
6959 6712 6881 7695 5661 4855 416 566 6198 0
2442 0 5661 6475 6746 4802 1265 350 8914 1
4136 2958 7167 7333 6333 5322 851 425 7839 1
1106 3898 8237 6475 5119 4840 633 516 8660 0
2120 4814 7153 5119 5119 4835 583 466 9167 0
6912 5627 7017 6881 5932 4861 483 699 4351 0
3136 1500 7167 7500 6000 5295 898 205 5884 1
2765 4678 6610 5254 5119 4838 616 383 8479 0
6544 6271 6203 7424 5119 4863 449 599 6488 0
737 4508 7559 5390 5390 4835 832 549 9819 0
3963 2339 5661 7153 5390 4810 832 433 9529 1
1864 5292 8333 5500 5667 5314 583 536 8079 0
1244 4881 6746 5119 5932 4813 533 516 7465 0
3963 2339 5661 7153 5390 4810 832 433 9529 1
2995 1153 5797 6746 6203 4835 1099 233 7972 1
1290 3661 8237 6610 5119 4830 616 483 8660 0
2995 4780 6475 5119 5661 4815 516 316 6922 0
1864 5292 8333 5500 5667 5314 583 536 8079 0
3318 1583 7167 7667 6667 5305 898 363 6810 1
1429 4271 7831 5390 5390 4833 815 449 8407 0
2949 1864 5797 6610 6203 4826 1132 449 8805 1
3779 1898 5525 6068 5932 4829 1248 383 9855 1
2258 1356 5661 7153 5932 4807 1248 433 8262 1
3864 2250 6833 7667 6667 5276 835 473 6330 1
5530 3119 5525 7424 5119 4844 633 366 7176 0
2212 1220 6203 6610 6475 4816 915 483 9529 1
2258 4576 7153 5797 5390 4818 599 333 8588 0
3500 2083 6833 7833 7333 5320 819 363 6433 1
3909 2792 6833 7000 6333 5310 961 363 7839 1
2364 750 7167 7500 7333 5308 961 252 9794 1
1106 4339 7966 6068 5390 4826 666 549 9602 0
3636 3333 6667 7333 6333 5285 914 441 5301 1
1290 3661 8237 6610 5119 4830 616 483 8660 0
2364 458 7333 7500 7667 5301 883 221 9999 1
1106 4339 7966 6068 5390 4826 666 549 9602 0
4747 2712 5797 6746 6203 4829 616 267 7972 1
2903 2000 6203 6339 5661 4819 1182 366 8008 1
3041 2169 5797 6068 5932 4809 965 449 9999 1
9447 4814 9999 5119 5119 4852 516 649 9602 0
3091 1458 6500 7667 6333 5295 1088 410 8525 1
3594 4678 7288 5254 5119 4833 666 516 6198 0
3180 1627 6068 6339 5661 4812 1065 250 8117 1
3318 1667 7667 7667 6667 5328 930 142 8662 1
3963 2339 6068 6746 6203 4841 815 350 8407 1
4864 3417 7000 7667 6333 5307 725 410 6844 0
8818 8917 7167 8833 6667 5347 441 756 7153 1
1182 4750 8500 6500 6667 5308 772 599 8662 0
5909 7625 6000 8500 5667 5339 504 646 6158 0
3134 3966 7831 6610 5390 4846 733 649 7502 0
1290 4712 7288 5254 5119 4830 566 433 7176 0
3733 2305 5797 6746 6203 4838 982 250 8262 1
3502 2542 6475 6475 5661 4843 1082 350 8008 1
1455 5208 8667 5667 5667 5314 583 394 9074 0
3818 2375 6500 7500 6333 5310 914 457 8731 1
3226 2237 5932 6339 5932 4838 1049 499 8117 1
3136 5042 9000 5833 5667 5312 646 425 5095 0
3136 5042 9000 5833 5667 5312 646 425 5095 0
3594 3119 6746 5932 6475 4818 815 316 6234 1
5955 6792 6000 7667 6000 5337 425 552 5095 0
2258 4576 7153 5797 5390 4818 599 333 8588 0
1244 4881 6746 5119 5932 4813 533 516 7465 0
0 5042 8833 6500 5667 5314 709 583 9691 0
4977 2339 5390 6203 5661 4815 832 100 7248 0
1290 3661 8237 6610 5119 4830 616 483 8660 0
5714 6644 5932 7831 5119 4847 533 733 7502 0
