 0.526 0.600 0.272 0.286 0.089 0.000 1.0
 0.553 0.270 0.192 0.143 0.168 0.000 0.0
 0.579 0.409 0.053 0.299 0.017 0.000 0.0
 0.605 0.339 0.106 0.156 0.014 0.025 1.0
 0.711 0.270 0.119 0.195 0.007 0.025 1.0
 0.632 0.252 0.060 0.247 0.034 0.025 1.0
 0.658 0.357 0.377 0.351 0.027 0.025 1.0
 0.816 0.383 0.166 0.195 0.021 0.025 1.0
 0.632 0.383 0.126 0.143 0.017 0.025 1.0
 0.684 0.730 0.106 0.195 0.175 0.025 1.0
 0.711 0.313 0.205 0.104 0.048 0.025 1.0
 0.658 0.322 0.126 0.286 0.000 0.025 1.0
 0.500 0.496 0.285 0.364 0.315 0.025 1.0
 0.658 0.209 0.159 0.130 0.045 0.025 1.0
 0.684 0.687 0.086 0.104 0.048 0.025 1.0
 0.553 0.487 0.159 0.143 0.041 0.025 1.0
 0.737 0.470 0.185 0.169 0.082 0.025 1.0
 0.763 0.365 0.119 0.169 0.021 0.025 1.0
 0.526 0.270 0.285 0.364 0.058 0.025 0.0
 0.526 0.539 0.139 0.273 0.086 0.025 0.0
 0.500 0.600 0.424 0.416 0.134 0.025 0.0
 0.632 0.678 0.093 0.260 0.027 0.025 0.0
 0.526 0.365 0.139 0.117 0.045 0.025 0.0
 0.711 0.287 0.066 0.143 0.017 0.025 0.0
 0.684 0.452 0.132 0.221 0.021 0.025 0.0
 0.632 0.443 0.099 0.234 0.038 0.025 0.0
 0.711 0.296 0.397 0.403 0.291 0.025 0.0
 0.579 0.252 0.113 0.182 0.086 0.025 0.0
 0.500 0.513 0.113 0.208 0.048 0.025 0.0
 0.816 0.383 0.146 0.273 0.106 0.025 0.0
 0.658 0.191 0.192 0.377 0.075 0.025 0.0
 0.684 0.278 0.000 0.039 0.027 0.025 0.0
 0.579 0.417 0.185 0.182 0.075 0.050 1.0
 0.632 0.383 0.007 0.156 0.031 0.050 0.0
 1.000 0.452 0.099 0.325 0.027 0.050 0.0
 0.658 0.348 0.166 0.234 0.178 0.100 1.0
 0.579 0.374 0.152 0.221 0.014 0.100 1.0
 0.553 0.270 0.106 0.208 0.038 0.100 1.0
 0.579 0.583 0.258 0.299 0.517 0.100 0.0
 0.684 0.278 0.033 0.260 0.038 0.100 0.0
 0.711 0.678 0.199 0.325 0.202 0.100 0.0
 0.684 0.661 0.252 0.364 0.038 0.100 0.0
 0.711 0.322 0.172 0.286 1.000 0.100 0.0
 0.605 0.209 0.192 0.273 0.082 0.100 0.0
 0.711 0.487 0.119 0.195 0.021 0.150 1.0
 0.605 0.391 0.152 0.208 0.072 0.150 1.0
 0.895 0.400 0.272 0.351 0.086 0.150 1.0
 0.632 0.339 0.252 0.325 0.051 0.150 1.0
 0.421 0.330 0.185 0.416 0.164 0.150 0.0
 0.632 0.365 0.146 0.169 0.106 0.150 0.0
 0.526 0.313 0.139 0.195 0.068 0.150 0.0
 0.632 0.348 0.119 0.286 0.017 0.200 1.0
 0.605 0.626 0.139 0.182 0.031 0.200 1.0
 0.684 0.496 0.219 0.234 0.075 0.200 1.0
 0.684 0.365 0.086 0.000 0.007 0.200 1.0
 0.579 0.461 0.119 0.649 0.014 0.200 0.0
 0.579 0.165 0.146 0.234 0.041 0.200 0.0
 0.658 0.635 0.199 0.571 0.562 0.200 0.0
 0.711 0.148 0.099 0.195 0.055 0.200 0.0
 0.632 0.583 0.073 0.156 0.068 0.200 0.0
 0.816 0.278 0.291 0.442 0.127 0.200 0.0
 0.658 0.965 0.066 0.195 0.031 0.200 0.0
 0.605 0.609 0.166 0.286 0.089 0.200 0.0
 0.711 0.435 0.132 0.208 0.147 0.200 0.0
 0.474 0.191 0.099 0.208 0.027 0.200 0.0
 0.711 0.374 0.113 0.143 0.096 0.250 1.0
 0.553 0.478 0.285 0.442 0.349 0.250 0.0
 0.579 0.313 0.073 0.182 0.024 0.250 0.0
 0.579 0.357 0.079 0.195 0.065 0.250 0.0
 0.658 0.409 0.139 0.234 0.366 0.250 0.0
 0.711 0.496 0.040 0.273 0.051 0.300 1.0
 0.684 0.348 0.139 0.273 0.034 0.300 1.0
 0.789 0.235 0.060 0.117 0.034 0.300 1.0
 0.816 0.409 0.437 0.273 0.106 0.300 1.0
 0.711 0.339 0.106 0.234 0.051 0.300 1.0
 0.447 0.287 0.417 0.429 0.298 0.300 0.0
 0.658 0.348 0.053 0.273 0.055 0.300 0.0
 0.921 0.322 0.166 0.234 0.243 0.300 0.0
 0.684 0.443 0.550 0.584 0.212 0.300 0.0
 0.737 0.661 0.212 0.377 0.147 0.300 0.0
 0.842 0.609 0.113 0.195 0.216 0.300 0.0
 0.658 0.296 0.106 0.273 0.096 0.300 0.0
 0.605 0.278 0.099 0.156 0.031 0.300 0.0
 0.711 0.487 0.437 0.351 0.271 0.350 1.0
 0.737 0.530 0.358 0.545 0.195 0.350 0.0
 0.500 0.661 0.192 0.182 0.072 0.400 1.0
 0.658 0.339 0.119 0.208 0.055 0.400 1.0
 0.658 0.383 0.483 0.442 0.373 0.400 1.0
 0.684 0.400 0.139 0.260 0.209 0.400 0.0
 0.711 0.626 0.536 0.558 0.668 0.400 0.0
 0.684 0.339 0.364 0.545 0.188 0.400 0.0
 0.711 0.470 0.543 0.468 0.089 0.500 1.0
 0.868 0.296 0.179 0.377 0.233 0.500 0.0
 0.711 0.739 0.325 0.364 0.305 0.600 0.0
 0.737 0.470 0.232 0.416 0.353 0.800 1.0
 0.579 0.452 0.139 0.208 0.031 0.000 1.0
 0.500 0.643 0.245 0.195 0.092 0.000 0.0
 0.842 0.339 0.086 0.104 0.000 0.025 1.0
 0.447 0.217 0.152 0.130 0.024 0.025 1.0
 0.789 0.470 0.172 0.117 0.055 0.025 1.0
 0.684 0.409 0.099 0.182 0.058 0.025 1.0
 0.684 0.713 0.238 0.273 0.175 0.025 1.0
 0.684 0.635 0.205 0.221 0.445 0.025 1.0
 0.658 0.435 0.132 0.234 0.021 0.025 1.0
 0.632 0.513 0.192 0.351 0.045 0.025 1.0
 0.526 0.835 0.172 0.273 0.041 0.025 1.0
 0.605 0.730 0.199 0.208 0.075 0.025 1.0
 0.711 0.383 0.126 0.130 0.024 0.025 1.0
 0.684 0.530 0.046 0.091 0.017 0.025 1.0
 0.605 0.200 0.166 0.221 0.045 0.025 0.0
 0.500 0.565 0.159 0.260 0.103 0.025 0.0
 0.579 0.400 0.119 0.273 0.021 0.025 0.0
 0.658 0.357 0.053 0.156 0.031 0.025 0.0
 0.605 0.504 0.245 0.286 0.106 0.025 0.0
 0.447 0.443 0.225 0.299 0.147 0.025 0.0
 0.763 0.287 0.172 0.169 0.075 0.025 0.0
 0.868 0.443 0.954 0.909 0.527 0.025 0.0
 0.474 0.391 0.086 0.195 0.226 0.025 0.0
 0.947 0.365 0.093 0.208 0.058 0.025 0.0
 0.711 0.304 0.066 0.143 0.027 0.025 0.0
 0.526 0.339 0.073 0.104 0.058 0.025 0.0
 0.553 0.270 0.146 0.325 0.027 0.025 0.0
 0.684 0.383 0.185 0.273 0.027 0.050 1.0
 0.711 0.322 0.126 0.130 0.048 0.050 1.0
 0.737 0.365 0.159 0.221 0.017 0.050 1.0
 0.579 0.600 0.113 0.221 0.110 0.050 0.0
 0.789 0.339 0.132 0.234 0.031 0.050 0.0
 0.500 0.513 0.258 0.351 0.113 0.100 1.0
 0.553 0.183 0.132 0.130 0.045 0.100 1.0
 0.605 0.304 0.179 0.156 0.041 0.100 1.0
 0.605 0.400 0.437 0.247 0.202 0.100 1.0
 0.868 0.304 0.192 0.208 0.079 0.100 1.0
 0.579 0.452 0.219 0.182 0.223 0.100 0.0
 0.605 0.539 0.066 0.130 0.017 0.100 0.0
 0.579 0.313 0.219 0.286 0.099 0.100 0.0
 0.605 0.296 0.033 0.130 0.038 0.100 0.0
 0.684 0.417 0.053 0.221 0.021 0.150 1.0
 0.684 0.357 0.113 0.156 0.072 0.150 0.0
 0.447 0.426 0.179 0.195 0.271 0.150 0.0
 0.684 0.270 0.139 0.221 0.103 0.200 1.0
 0.553 0.339 0.166 0.208 0.072 0.200 0.0
 0.447 0.391 0.106 0.221 0.014 0.200 0.0
 0.816 0.409 0.113 0.273 0.055 0.200 0.0
 0.737 0.191 0.046 0.117 0.055 0.200 0.0
 0.500 0.435 0.278 0.351 0.116 0.200 0.0
 0.658 0.296 0.179 0.169 0.110 0.200 0.0
 0.684 0.391 0.066 0.195 0.048 0.200 0.0
 0.684 0.548 0.318 0.545 0.161 0.200 0.0
 0.526 0.252 0.119 0.234 0.099 0.200 0.0
 0.789 0.313 0.126 0.169 0.048 0.200 0.0
 0.816 0.287 0.225 0.273 0.062 0.250 0.0
 0.763 0.191 0.106 0.143 0.024 0.250 0.0
 0.737 0.687 0.285 0.234 0.110 0.250 0.0
 0.711 0.435 0.192 0.377 0.377 0.250 0.0
 0.711 0.383 0.073 0.117 0.031 0.300 1.0
 0.711 0.261 0.311 0.364 0.298 0.300 1.0
 0.737 0.174 0.046 0.143 0.168 0.300 1.0
 0.789 0.113 0.225 0.182 0.034 0.300 1.0
 0.868 0.374 0.656 0.675 0.373 0.300 1.0
 0.816 0.443 0.152 0.260 0.130 0.300 0.0
 0.553 0.748 0.079 0.221 0.079 0.300 0.0
 0.974 0.513 0.199 0.948 0.678 0.350 0.0
 0.684 0.296 0.192 0.234 0.024 0.400 1.0
 0.737 0.409 0.278 0.325 0.096 0.400 1.0
 0.868 0.870 0.159 0.247 0.089 0.400 1.0
 0.789 0.435 0.106 0.260 0.753 0.400 0.0
 0.921 0.522 0.139 0.247 0.079 0.400 0.0
 0.684 1.000 0.272 0.208 0.147 0.500 1.0
 0.553 0.870 0.106 0.260 0.062 0.500 0.0
 0.579 0.557 0.073 0.234 0.021 0.500 0.0
 0.895 0.452 0.146 0.247 0.123 0.600 1.0
 0.868 0.470 0.338 0.390 0.288 0.750 1.0
 0.868 0.661 0.351 0.519 0.205 1.000 1.0
