6 148 72 35 0 33.6 0.627 50 1
8 183 64 0 0 23.3 0.672 32 1
0 137 40 35 168 43.1 2.288 33 1
3 78 50 32 88 31.0 0.248 26 1
2 197 70 45 543 30.5 0.158 53 1
4 110 92 0 0 37.6 0.191 30 0
10 139 80 0 0 27.1 1.441 57 0
5 166 72 19 175 25.8 0.587 51 1
0 118 84 47 230 45.8 0.551 31 1
1 103 30 38 83 43.3 0.183 33 0
3 126 88 41 235 39.3 0.704 27 0
7 196 90 0 0 39.8 0.451 41 1
11 143 94 33 146 36.6 0.254 51 1
7 147 76 0 0 39.4 0.257 43 1
13 145 82 19 110 22.2 0.245 57 0
5 109 75 26 0 36.0 0.546 60 0
3 88 58 11 54 24.8 0.267 22 0
10 122 78 31 0 27.6 0.512 45 0
11 138 76 0 0 33.2 0.420 35 0
2 90 68 42 0 38.2 0.503 27 1
3 180 64 25 70 34.0 0.271 26 0
7 106 92 18 0 22.7 0.235 48 0
7 159 64 0 0 27.4 0.294 40 0
1 146 56 0 0 29.7 0.564 29 0
7 103 66 32 0 39.1 0.344 31 1
1 103 80 11 82 19.4 0.491 22 0
5 88 66 21 23 24.4 0.342 30 0
7 150 66 42 342 34.7 0.718 42 0
7 187 68 39 304 37.7 0.254 41 1
0 146 82 0 0 40.5 1.781 44 0
2 84 0 0 0 0.0 0.304 21 0
5 44 62 0 0 25.0 0.587 36 0
7 114 66 0 0 32.8 0.258 42 1
0 109 88 30 0 32.5 0.855 38 1
1 95 66 13 38 19.6 0.334 25 0
2 100 66 20 90 32.9 0.867 28 1
13 126 90 0 0 43.4 0.583 42 1
1 79 75 30 0 32.0 0.396 22 0
7 62 78 0 0 32.6 0.391 41 0
0 131 0 0 0 43.2 0.270 26 1
3 113 44 13 0 22.4 0.140 22 0
7 83 78 26 71 29.3 0.767 36 0
5 137 108 0 0 48.8 0.227 37 1
13 106 72 54 0 36.6 0.178 45 0
15 136 70 32 110 37.1 0.153 43 1
1 80 55 0 0 19.1 0.258 21 0
7 81 78 40 48 46.7 0.261 42 0
2 142 82 18 64 24.7 0.761 21 0
2 92 62 28 0 31.6 0.130 24 0
6 93 50 30 64 28.7 0.356 23 0
1 163 72 0 0 39.0 1.222 33 1
0 125 96 0 0 22.5 0.262 21 0
2 85 65 0 0 39.6 0.930 27 0
1 96 122 0 0 22.4 0.207 27 0
3 83 58 31 18 34.3 0.336 25 0
3 171 72 33 135 33.3 0.199 24 1
1 89 76 34 37 31.2 0.192 23 0
7 160 54 32 175 30.5 0.588 39 1
5 124 74 0 0 34.0 0.220 38 1
4 97 60 23 0 28.2 0.443 22 0
0 162 76 56 100 53.2 0.759 25 1
2 107 74 30 100 33.6 0.404 23 0
0 113 76 0 0 33.3 0.278 23 1
3 120 70 30 135 42.9 0.452 30 0
1 117 88 24 145 34.5 0.403 40 1
4 173 70 14 168 29.7 0.361 33 1
3 170 64 37 225 34.5 0.356 30 1
2 96 68 13 49 21.1 0.647 26 0
0 100 70 26 50 30.8 0.597 21 0
0 129 80 0 0 31.2 0.703 29 0
3 128 78 0 0 21.1 0.268 55 0
2 108 52 26 63 32.5 0.318 22 0
4 154 62 31 284 32.8 0.237 23 0
9 57 80 37 0 32.8 0.096 41 0
5 147 78 0 0 33.7 0.218 65 0
1 136 74 50 204 37.4 0.399 24 0
9 156 86 28 155 34.3 1.189 42 1
8 188 78 0 0 47.9 0.137 43 1
2 99 52 15 94 24.6 0.637 21 0
2 88 74 19 53 29.0 0.229 22 0
4 151 90 38 0 29.7 0.294 36 0
0 114 80 34 285 44.2 0.167 27 0
0 131 88 0 0 31.6 0.743 32 1
3 148 66 25 0 32.5 0.256 22 0
4 110 66 0 0 31.9 0.471 29 0
6 102 82 0 0 30.8 0.180 36 1
2 87 0 23 0 28.9 0.773 25 0
2 75 64 24 55 29.7 0.370 33 0
6 85 78 0 0 31.2 0.382 42 0
5 143 78 0 0 45.0 0.190 47 0
6 87 80 0 0 23.2 0.084 32 0
1 0 74 20 23 27.7 0.299 21 0
4 141 74 0 0 27.6 0.244 40 0
8 181 68 36 495 30.1 0.615 60 1
8 109 76 39 114 27.9 0.640 31 1
3 111 62 0 0 22.6 0.142 21 0
7 159 66 0 0 30.4 0.383 36 1
8 85 55 20 0 24.4 0.136 42 0
1 105 58 0 0 24.3 0.187 21 0
4 109 64 44 99 34.8 0.905 26 1
0 113 80 16 0 31.0 0.874 21 0
0 108 68 20 0 27.3 0.787 32 0
6 103 72 32 190 37.7 0.324 55 0
8 196 76 29 280 37.5 0.605 57 1
1 96 64 27 87 33.2 0.289 21 0
2 81 60 22 0 27.7 0.290 25 0
7 179 95 31 0 34.2 0.164 60 0
9 112 82 32 175 34.2 0.260 36 1
5 109 62 41 129 35.8 0.514 25 1
5 85 74 22 0 29.0 1.224 32 1
0 177 60 29 478 34.6 1.072 21 1
7 119 0 0 0 25.2 0.209 37 0
1 100 66 15 56 23.6 0.666 26 0
0 101 76 0 0 35.7 0.198 26 0
4 197 70 39 744 36.7 2.329 31 0
4 142 86 0 0 44.0 0.645 22 1
1 79 80 25 37 25.4 0.583 22 0
3 74 68 28 45 29.7 0.293 23 0
7 181 84 21 192 35.9 0.586 51 1
9 164 84 21 0 30.8 0.831 32 1
1 91 64 24 0 29.2 0.192 21 0
3 139 54 0 0 25.6 0.402 22 1
2 146 76 35 194 38.2 0.329 29 0
10 122 68 0 0 31.2 0.258 41 0
9 124 70 33 402 35.4 0.282 34 0
9 106 52 0 0 31.2 0.380 42 0
2 90 80 14 55 24.4 0.249 24 0
12 92 62 7 258 27.6 0.926 44 1
3 111 56 39 0 30.1 0.557 30 0
1 193 50 16 375 25.9 0.655 24 0
3 191 68 15 130 30.9 0.299 34 0
4 95 70 32 0 32.1 0.612 24 0
4 123 62 0 0 32.0 0.226 35 1
0 138 0 0 0 36.3 0.933 25 1
0 102 52 0 0 25.1 0.078 21 0
10 101 86 37 0 45.6 1.136 38 1
3 122 78 0 0 23.0 0.254 40 0
13 106 70 0 0 34.2 0.251 52 0
7 106 60 24 0 26.5 0.296 29 1
5 114 74 0 0 24.9 0.744 57 0
0 146 70 0 0 37.9 0.334 28 1
7 133 88 15 155 32.4 0.262 37 0
2 108 80 0 0 27.0 0.259 52 1
5 155 84 44 545 38.7 0.619 34 0
4 96 56 17 49 20.8 0.340 26 0
0 78 88 29 40 36.9 0.434 21 0
2 128 78 37 182 43.3 1.224 31 1
0 161 50 0 0 21.9 0.254 65 0
2 146 70 38 360 28.0 0.337 29 1
14 100 78 25 184 36.6 0.412 46 1
0 167 0 0 0 32.3 0.839 30 1
5 77 82 41 42 35.8 0.156 35 0
3 150 76 0 0 21.0 0.207 37 0
10 161 68 23 132 25.5 0.326 47 1
0 128 68 19 180 30.5 1.391 25 1
6 80 66 30 0 26.2 0.313 41 0
2 155 74 17 96 26.6 0.433 27 1
7 109 80 31 0 35.9 1.127 43 1
3 99 80 11 64 19.3 0.284 30 0
3 115 66 39 140 38.1 0.150 28 0
4 129 60 12 231 27.5 0.527 31 0
0 124 70 20 0 27.4 0.254 36 1
2 112 75 32 0 35.7 0.148 21 0
1 122 64 32 156 35.1 0.692 30 1
2 102 86 36 120 45.5 0.127 23 1
8 118 72 19 0 23.1 1.476 46 0
1 180 0 0 0 43.3 0.282 41 1
1 95 60 18 58 23.9 0.260 22 0
0 117 0 0 0 33.8 0.932 44 0
9 152 78 34 171 34.2 0.893 33 1
1 130 70 13 105 25.9 0.472 22 0
1 0 68 35 0 32.0 0.389 22 0
8 95 72 0 0 36.8 0.485 57 0
1 139 46 19 83 28.7 0.654 22 0
3 99 62 19 74 21.8 0.279 26 0
4 92 80 0 0 42.2 0.237 29 0
3 61 82 28 0 34.4 0.243 46 0
3 90 78 0 0 42.7 0.559 21 0
1 125 50 40 167 33.3 0.962 28 1
12 88 74 40 54 35.3 0.378 48 0
5 189 64 33 325 31.2 0.583 29 1
5 103 108 37 0 39.2 0.305 65 0
4 147 74 25 293 34.9 0.385 30 0
6 124 72 0 0 27.6 0.368 29 1
3 81 86 16 66 27.5 0.306 22 0
3 173 82 48 465 38.4 2.137 25 1
0 84 64 22 66 35.8 0.545 21 0
2 122 52 43 158 36.2 0.816 28 0
0 98 82 15 84 25.2 0.299 22 0
4 156 75 0 0 48.3 0.238 32 1
1 107 72 30 82 30.8 0.821 24 0
1 109 60 8 182 25.4 0.947 21 0
1 125 70 24 110 24.3 0.221 25 0
5 116 74 29 0 32.3 0.660 35 1
5 144 82 26 285 32.0 0.452 58 1
1 100 66 29 196 32.0 0.444 42 0
1 131 64 14 415 23.7 0.389 21 0
4 158 78 0 0 32.9 0.803 31 1
3 96 56 34 115 24.7 0.944 39 0
3 82 70 0 0 21.1 0.389 25 0
4 95 64 0 0 32.0 0.161 31 1
5 136 84 41 88 35.0 0.286 35 1
5 168 64 0 0 32.9 0.135 41 1
4 115 72 0 0 28.9 0.376 46 1
8 197 74 0 0 25.9 1.191 39 1
6 102 90 39 0 35.7 0.674 28 0
1 143 84 23 310 42.4 1.076 22 0
0 138 60 35 167 34.6 0.534 21 1
1 97 68 21 0 27.2 1.095 22 0
1 83 68 0 0 18.2 0.624 27 0
1 119 88 41 170 45.3 0.507 26 0
0 102 64 46 78 40.6 0.496 21 0
8 151 78 32 210 42.9 0.516 36 1
0 94 0 0 0 0.0 0.256 25 0
0 135 94 46 145 40.6 0.284 26 0
2 99 0 0 0 22.2 0.108 23 0
1 80 74 11 60 30.0 0.527 22 0
1 90 68 8 0 24.5 1.138 36 0
12 140 85 33 0 37.4 0.244 41 0
1 97 70 15 0 18.2 0.147 21 0
0 189 104 25 0 34.3 0.435 41 1
4 117 64 27 120 33.2 0.230 24 0
4 117 62 12 0 29.7 0.380 30 1
1 100 72 12 70 25.3 0.658 28 0
0 104 64 37 64 33.6 0.510 22 1
1 82 64 13 95 21.2 0.415 23 0
0 91 68 32 210 39.9 0.381 25 0
2 100 54 28 105 37.8 0.498 24 0
1 135 54 0 0 26.7 0.687 62 0
10 148 84 48 237 37.6 1.001 51 1
9 120 72 22 56 20.8 0.733 48 0
8 74 70 40 49 35.3 0.705 39 0
10 115 98 0 0 24.0 1.022 34 0
0 74 52 10 36 27.8 0.269 22 0
8 120 0 0 0 30.0 0.183 38 1
1 144 82 40 0 41.3 0.607 28 0
0 119 66 27 0 38.8 0.259 22 0
4 114 64 0 0 28.9 0.126 24 0
2 105 80 45 191 33.7 0.711 29 1
8 126 74 38 75 25.9 0.162 39 0
3 158 70 30 328 35.5 0.344 35 1
4 85 58 22 49 27.8 0.306 28 0
0 145 0 0 0 44.2 0.630 31 1
1 139 62 41 480 40.7 0.536 21 0
4 99 72 17 0 25.6 0.294 28 0
2 83 65 28 66 36.8 0.629 24 0
4 99 68 38 0 32.8 0.145 33 0
3 80 0 0 0 0.0 0.174 22 0
5 110 68 0 0 26.0 0.292 30 0
7 195 70 33 145 25.1 0.163 55 1
2 117 90 19 71 25.2 0.313 21 0
6 0 68 41 0 39.0 0.727 41 1
3 96 78 39 0 37.3 0.238 40 0
0 180 90 26 90 36.5 0.314 35 1
2 84 50 23 76 30.4 0.968 21 0
12 84 72 31 0 29.7 0.297 46 1
9 91 68 0 0 24.2 0.200 58 0
3 99 54 19 86 25.6 0.154 24 0
9 145 88 34 165 30.3 0.771 53 1
13 76 60 0 0 32.8 0.180 41 0
2 68 70 32 66 25.0 0.187 25 0
6 114 0 0 0 0.0 0.189 26 0
3 125 58 0 0 31.6 0.151 24 0
1 97 64 19 82 18.2 0.299 21 0
0 117 66 31 188 30.8 0.493 22 0
2 122 60 18 106 29.8 0.717 22 0
1 86 66 52 65 41.3 0.917 29 0
1 77 56 30 56 33.3 1.251 24 0
0 105 90 0 0 29.6 0.197 46 0
0 127 80 37 210 36.3 0.804 23 0
8 100 74 40 215 39.4 0.661 43 1
10 90 85 32 0 34.9 0.825 56 1
1 88 78 29 76 32.0 0.365 29 0
5 187 76 27 207 43.6 1.034 53 1
1 164 82 43 67 32.8 0.341 50 0
1 116 70 28 0 27.4 0.204 21 0
6 114 88 0 0 27.8 0.247 66 0
1 84 64 23 115 36.9 0.471 28 0
1 97 70 40 0 38.1 0.218 30 0
11 103 68 40 0 46.2 0.126 42 0
6 125 76 0 0 33.8 0.121 54 1
1 87 68 34 77 37.6 0.401 24 0
0 91 80 0 0 32.4 0.601 27 0
1 99 72 30 18 38.6 0.412 21 0
4 154 72 29 126 31.3 0.338 37 0
3 78 70 0 0 32.5 0.270 39 0
3 111 58 31 44 29.5 0.430 22 0
1 143 86 30 330 30.1 0.892 23 0
6 108 44 20 130 24.0 0.813 35 0
10 133 68 0 0 27.0 0.245 36 0
0 151 90 46 0 42.1 0.371 21 1
12 121 78 17 0 26.5 0.259 62 0
8 124 76 24 600 28.7 0.687 52 1
8 143 66 0 0 34.9 0.129 41 1
3 176 86 27 156 33.3 1.154 52 1
11 111 84 40 0 46.8 0.925 45 1
3 132 80 0 0 34.4 0.402 44 1
6 123 72 45 230 33.6 0.733 34 0
0 67 76 0 0 45.3 0.194 46 0
1 173 74 0 0 36.8 0.088 38 1
1 108 88 19 0 27.1 0.400 24 0
1 124 74 36 0 27.8 0.100 30 0
4 183 0 0 0 28.4 0.212 36 1
1 181 78 42 293 40.0 1.258 22 1
0 152 82 39 272 41.5 0.270 27 0
3 106 54 21 158 30.9 0.292 24 0
7 168 88 42 321 38.2 0.787 40 1
11 138 74 26 144 36.1 0.557 50 1
6 117 96 0 0 28.7 0.157 30 0
9 112 82 24 0 28.2 1.282 50 1
2 112 86 42 160 38.4 0.246 28 0
6 183 94 0 0 40.8 1.461 45 0
2 108 64 0 0 30.8 0.158 21 0
0 125 68 0 0 24.7 0.206 21 0
5 128 80 0 0 34.6 0.144 45 0
7 114 64 0 0 27.4 0.732 34 1
2 111 60 0 0 26.2 0.343 23 0
10 92 62 0 0 25.9 0.167 31 0
5 104 74 0 0 28.8 0.153 48 0
7 97 76 32 91 40.9 0.871 32 1
0 102 86 17 105 29.3 0.695 27 0
6 147 80 0 0 29.5 0.178 50 1
3 103 72 30 152 27.6 0.730 27 0
1 167 74 17 144 23.4 0.447 33 1
11 136 84 35 130 28.3 0.260 42 1
1 91 54 25 100 25.2 0.234 23 0
5 123 74 40 77 34.1 0.269 28 0
1 106 70 28 135 34.2 0.142 22 0
2 101 58 35 90 21.8 0.155 22 0
11 127 106 0 0 39.0 0.190 51 0
10 162 84 0 0 27.7 0.182 54 0
8 167 106 46 231 37.6 0.165 43 1
6 115 60 39 0 33.7 0.245 40 1
4 145 82 18 0 32.5 0.235 70 1
6 98 58 33 190 34.0 0.430 43 0
6 165 68 26 168 33.6 0.631 49 0
10 68 106 23 49 35.5 0.285 47 0
8 91 82 0 0 35.6 0.587 68 0
9 156 86 0 0 24.8 0.230 53 1
3 121 52 0 0 36.0 0.127 25 1
2 56 56 28 45 24.2 0.332 22 0
0 95 64 39 105 44.6 0.366 22 0
5 136 82 0 0 0.0 0.640 69 0
3 130 64 0 0 23.1 0.314 22 0
1 140 74 26 180 24.1 0.828 23 0
8 107 80 0 0 24.6 0.856 34 0
2 121 70 32 95 39.1 0.886 23 0
2 90 60 0 0 23.5 0.191 25 0
3 169 74 19 125 29.9 0.268 31 1
4 127 88 11 155 34.5 0.598 28 0
2 122 76 27 200 35.9 0.483 26 0
1 168 88 29 0 35.0 0.905 52 1
4 110 76 20 100 28.4 0.118 27 0
10 115 0 0 0 0.0 0.261 30 1
9 164 78 0 0 32.8 0.148 45 1
3 158 64 13 387 31.2 0.295 24 0
10 129 62 36 0 41.2 0.441 38 1
3 102 74 0 0 29.5 0.121 32 0
3 173 78 39 185 33.8 0.970 31 1
1 108 60 46 178 35.5 0.415 24 0
4 83 86 19 0 29.3 0.317 34 0
1 149 68 29 127 29.3 0.349 42 1
1 111 94 0 0 32.8 0.265 45 0
1 116 78 29 180 36.1 0.496 25 0
2 175 88 0 0 22.9 0.326 22 0
3 130 78 23 79 28.4 0.323 34 1
2 174 88 37 120 44.5 0.646 24 1
2 105 75 0 0 23.3 0.560 53 0
0 126 86 27 120 27.4 0.515 21 0
2 99 60 17 160 36.6 0.453 21 0
11 120 80 37 150 42.3 0.785 48 1
1 109 58 18 116 28.5 0.219 22 0
13 153 88 37 140 40.6 1.174 39 0
1 147 94 41 0 49.3 0.358 27 1
3 187 70 22 200 36.4 0.408 36 1
4 136 70 0 0 31.2 1.182 22 1
3 108 62 24 0 26.0 0.223 25 0
8 154 78 32 0 32.4 0.443 45 1
7 137 90 41 0 32.0 0.391 39 0
1 106 76 0 0 37.5 0.197 26 0
2 88 58 26 16 28.4 0.766 22 0
9 89 62 0 0 22.5 0.142 33 0
2 122 70 27 0 36.8 0.340 27 0
1 126 60 0 0 30.1 0.349 47 1
