0.433 0.438 1.000 0.252 0.352 0.010 0.309 0.000 0.000 1.0
0.221 0.421 0.791 0.389 0.568 0.063 0.218 0.000 0.000 1.0
0.275 0.382 0.806 0.296 0.584 0.089 0.245 0.000 0.000 1.0
0.276 0.386 0.802 0.265 0.586 0.093 0.255 0.000 0.000 1.0
0.353 0.498 0.797 0.336 0.405 0.090 0.267 0.000 0.000 1.0
0.200 0.299 0.771 0.396 0.605 0.108 0.247 0.000 0.471 1.0
0.208 0.323 0.764 0.346 0.620 0.111 0.243 0.000 0.471 1.0
0.284 0.283 0.800 0.318 0.621 0.093 0.285 0.000 0.000 1.0
0.294 0.293 0.817 0.271 0.589 0.098 0.304 0.000 0.000 1.0
0.349 0.477 0.831 0.277 0.413 0.010 0.322 0.000 0.000 1.0
0.279 0.314 0.791 0.374 0.525 0.087 0.287 0.000 0.373 1.0
0.273 0.308 0.806 0.312 0.532 0.095 0.304 0.000 0.000 1.0
0.266 0.398 0.780 0.268 0.543 0.081 0.279 0.000 0.000 1.0
0.298 0.373 0.775 0.349 0.505 0.095 0.279 0.000 0.000 1.0
0.287 0.275 0.784 0.355 0.596 0.092 0.289 0.000 0.000 1.0
0.287 0.289 0.793 0.315 0.584 0.098 0.303 0.000 0.275 1.0
0.290 0.319 0.775 0.293 0.564 0.098 0.291 0.029 0.431 1.0
0.293 0.295 0.788 0.327 0.561 0.092 0.309 0.000 0.000 1.0
0.349 0.475 0.786 0.321 0.357 0.082 0.311 0.035 0.000 1.0
0.482 0.523 0.851 0.056 0.350 0.018 0.385 0.000 0.000 1.0
0.298 0.310 0.780 0.259 0.575 0.103 0.310 0.000 0.000 1.0
0.291 0.373 0.755 0.324 0.527 0.095 0.294 0.000 0.000 1.0
0.295 0.301 0.764 0.280 0.561 0.100 0.309 0.000 0.588 1.0
0.331 0.370 0.751 0.277 0.520 0.092 0.316 0.000 0.314 1.0
0.486 0.373 0.840 0.156 0.389 0.021 0.427 0.000 0.000 1.0
0.529 0.450 0.829 0.069 0.346 0.014 0.430 0.000 0.314 1.0
0.304 0.406 0.639 0.280 0.541 0.089 0.335 0.000 0.000 1.0
0.291 0.373 0.626 0.312 0.566 0.082 0.334 0.000 0.176 1.0
0.044 0.340 0.773 0.259 0.566 0.100 0.271 0.000 0.608 1.0
0.281 0.414 0.833 0.274 0.568 0.095 0.242 0.000 0.000 1.0
0.347 0.432 0.806 0.255 0.505 0.023 0.309 0.000 0.000 1.0
0.464 0.418 0.860 0.184 0.354 0.037 0.382 0.000 0.216 1.0
0.464 0.414 0.833 0.190 0.393 0.029 0.388 0.000 0.137 1.0
0.455 0.349 0.813 0.181 0.430 0.031 0.411 0.000 0.333 1.0
0.455 0.359 0.797 0.190 0.427 0.037 0.408 0.000 0.314 1.0
0.201 0.621 0.817 0.452 0.368 0.026 0.179 0.000 0.235 2.0
0.210 0.355 0.800 0.383 0.587 0.108 0.223 0.000 0.000 2.0
0.211 0.344 0.793 0.389 0.589 0.116 0.230 0.000 0.000 2.0
0.233 0.408 0.804 0.389 0.461 0.106 0.242 0.000 0.000 2.0
0.219 0.480 0.784 0.299 0.548 0.060 0.233 0.000 0.275 2.0
0.209 0.320 0.784 0.570 0.509 0.111 0.236 0.000 0.000 2.0
0.233 0.403 0.791 0.299 0.536 0.110 0.248 0.000 0.000 2.0
0.129 0.529 0.688 0.558 0.441 0.177 0.153 0.000 0.000 2.0
0.199 0.377 0.777 0.368 0.614 0.061 0.242 0.000 0.000 2.0
0.221 0.343 0.780 0.371 0.550 0.097 0.250 0.000 0.000 2.0
0.319 0.331 0.833 0.255 0.441 0.103 0.328 0.000 0.431 2.0
0.208 0.359 0.759 0.402 0.616 0.011 0.275 0.000 0.373 2.0
0.226 0.298 0.742 0.374 0.620 0.108 0.261 0.000 0.000 2.0
0.319 0.344 0.806 0.240 0.452 0.103 0.344 0.000 0.294 2.0
0.252 0.292 0.641 0.442 0.607 0.118 0.289 0.000 0.000 2.0
0.237 0.304 0.635 0.358 0.618 0.092 0.312 0.035 0.431 2.0
0.309 0.284 0.615 0.168 0.714 0.056 0.371 0.000 0.392 2.0
0.568 0.466 0.646 0.274 0.239 0.013 0.498 0.000 0.000 2.0
0.882 0.000 0.000 0.564 0.000 0.093 0.731 1.000 0.549 2.0
0.486 0.556 0.000 0.221 0.511 0.016 0.566 0.000 0.157 2.0
0.680 0.075 0.000 0.150 0.607 0.000 0.860 0.000 0.000 2.0
0.730 0.287 0.000 0.118 0.395 0.010 0.834 0.000 0.000 2.0
0.321 0.356 0.884 0.280 0.470 0.097 0.279 0.000 0.000 2.0
0.313 0.377 0.869 0.349 0.450 0.089 0.268 0.000 0.196 2.0
0.245 0.386 0.811 0.386 0.486 0.105 0.242 0.000 0.569 2.0
0.320 0.379 0.837 0.321 0.463 0.093 0.278 0.000 0.000 2.0
0.251 0.376 0.788 0.371 0.541 0.090 0.248 0.000 0.000 2.0
0.466 0.371 0.820 0.268 0.525 0.087 0.287 0.000 0.000 2.0
0.242 0.332 0.804 0.302 0.525 0.090 0.295 0.000 0.000 2.0
0.418 0.424 0.465 0.430 0.423 0.085 0.385 0.086 0.333 2.0
0.466 0.454 0.225 0.333 0.425 0.053 0.531 0.000 0.000 2.0
0.306 0.406 0.886 0.277 0.479 0.093 0.253 0.000 0.000 2.0
0.306 0.391 0.857 0.299 0.530 0.084 0.250 0.000 0.000 2.0
0.303 0.341 0.846 0.246 0.582 0.090 0.274 0.000 0.235 2.0
0.245 0.310 0.784 0.389 0.634 0.106 0.230 0.000 0.000 2.0
0.252 0.391 0.788 0.411 0.488 0.110 0.249 0.000 0.000 2.0
0.240 0.319 0.782 0.358 0.571 0.110 0.260 0.019 0.490 2.0
0.239 0.340 0.708 0.293 0.564 0.093 0.314 0.000 0.471 2.0
0.287 0.439 0.815 0.255 0.529 0.018 0.295 0.000 0.000 3.0
0.244 0.377 0.795 0.340 0.516 0.090 0.280 0.000 0.196 3.0
0.241 0.362 0.768 0.458 0.477 0.097 0.274 0.000 0.333 3.0
0.291 0.438 0.813 0.112 0.570 0.010 0.325 0.000 0.000 3.0
0.254 0.320 0.797 0.318 0.500 0.098 0.312 0.000 0.000 3.0
0.237 0.403 0.755 0.308 0.505 0.084 0.299 0.000 0.000 3.0
0.290 0.421 0.759 0.383 0.398 0.093 0.312 0.000 0.000 3.0
0.315 0.391 0.744 0.389 0.416 0.090 0.331 0.000 0.000 3.0
0.481 0.520 0.842 0.193 0.277 0.037 0.345 0.000 0.725 3.0
0.351 0.301 0.412 0.489 0.514 0.097 0.433 0.000 0.000 4.0
0.455 0.045 0.381 0.396 0.648 0.093 0.575 0.000 0.000 4.0
0.242 0.320 0.000 0.480 0.727 0.156 0.441 0.000 0.000 4.0
0.550 0.408 0.000 0.402 0.430 0.052 0.633 0.000 0.000 4.0
0.090 0.341 0.000 0.850 0.159 1.000 0.139 0.000 0.000 4.0
0.414 0.319 0.359 0.586 0.423 0.122 0.397 0.076 1.000 4.0
0.347 0.492 0.532 0.396 0.457 0.000 0.385 0.000 0.000 5.0
0.313 0.561 0.499 0.414 0.459 0.000 0.356 0.000 0.000 5.0
0.081 0.552 0.388 0.389 0.846 0.000 0.201 0.000 0.000 5.0
0.352 0.514 0.000 0.561 0.523 0.000 0.507 0.000 0.000 5.0
0.000 1.000 0.000 0.016 1.000 0.000 0.113 0.000 0.000 5.0
0.317 0.540 0.726 0.601 0.257 0.235 0.033 0.517 0.000 6.0
0.497 0.621 0.490 0.551 0.080 0.122 0.402 0.000 0.000 6.0
0.219 0.474 0.396 0.467 0.587 0.000 0.301 0.241 0.000 6.0
0.223 0.522 0.000 0.779 0.652 0.006 0.336 0.127 0.176 6.0
0.249 0.576 0.000 0.526 0.621 0.000 0.287 0.498 0.137 6.0
0.194 0.472 0.000 0.701 0.611 0.023 0.370 0.257 0.020 6.0
0.183 0.549 0.000 0.738 0.587 0.006 0.339 0.203 0.000 6.0
0.173 0.665 0.000 0.611 0.659 0.000 0.270 0.200 0.000 6.0
0.175 0.620 0.000 0.664 0.698 0.000 0.275 0.178 0.000 6.0
0.220 0.635 0.000 0.617 0.623 0.000 0.305 0.213 0.000 6.0
0.233 0.633 0.000 0.492 0.589 0.000 0.301 0.438 0.000 6.0
0.230 0.547 0.000 0.763 0.543 0.000 0.374 0.171 0.000 6.0
0.250 0.630 0.000 0.530 0.580 0.000 0.276 0.505 0.000 6.0
0.235 0.549 0.000 0.514 0.679 0.000 0.283 0.498 0.000 6.0
