0.284 0.475 0.802 0.333 0.521 0.077 0.223 0.000 0.000 1.0
0.286 0.373 0.822 0.312 0.500 0.092 0.259 0.000 0.000 1.0
0.211 0.310 0.804 0.414 0.564 0.103 0.245 0.000 0.510 1.0
0.281 0.364 0.804 0.237 0.612 0.092 0.261 0.000 0.000 1.0
0.281 0.341 0.802 0.333 0.568 0.092 0.276 0.000 0.216 1.0
0.284 0.311 0.815 0.305 0.571 0.097 0.291 0.000 0.000 1.0
0.278 0.320 0.793 0.305 0.607 0.087 0.274 0.000 0.333 1.0
0.284 0.313 0.788 0.293 0.612 0.093 0.275 0.000 0.000 1.0
0.475 0.546 0.857 0.187 0.277 0.024 0.346 0.000 0.000 1.0
0.272 0.344 0.788 0.436 0.521 0.087 0.280 0.000 0.137 1.0
0.374 0.608 0.835 0.000 0.395 0.005 0.332 0.000 0.000 1.0
0.279 0.313 0.795 0.330 0.573 0.100 0.294 0.000 0.000 1.0
0.285 0.338 0.788 0.287 0.570 0.105 0.288 0.000 0.000 1.0
0.266 0.322 0.775 0.324 0.577 0.090 0.279 0.000 0.000 1.0
0.294 0.353 0.777 0.308 0.545 0.097 0.284 0.000 0.000 1.0
0.277 0.317 0.780 0.265 0.618 0.090 0.290 0.000 0.000 1.0
0.280 0.277 0.773 0.340 0.639 0.097 0.290 0.000 0.118 1.0
0.198 0.385 0.768 0.287 0.523 0.090 0.292 0.000 0.000 1.0
0.299 0.302 0.775 0.330 0.562 0.103 0.302 0.000 0.000 1.0
0.482 0.523 0.851 0.056 0.350 0.018 0.385 0.000 0.000 1.0
0.281 0.298 0.762 0.283 0.605 0.095 0.298 0.000 0.000 1.0
0.481 0.451 0.855 0.134 0.348 0.027 0.401 0.000 0.000 1.0
0.345 0.415 0.775 0.330 0.382 0.089 0.332 0.000 0.000 1.0
0.681 0.490 0.824 0.131 0.314 0.003 0.408 0.000 0.196 1.0
0.344 0.429 0.746 0.293 0.405 0.095 0.323 0.000 0.000 1.0
0.356 0.371 0.742 0.308 0.455 0.097 0.345 0.000 0.216 1.0
0.317 0.362 0.633 0.308 0.543 0.089 0.338 0.000 0.000 1.0
0.287 0.259 0.604 0.312 0.695 0.090 0.337 0.000 0.471 1.0
0.311 0.322 0.775 0.312 0.561 0.097 0.279 0.000 0.000 1.0
0.281 0.400 0.815 0.280 0.532 0.092 0.264 0.000 0.216 1.0
0.378 0.463 0.797 0.321 0.341 0.019 0.301 0.219 0.000 1.0
0.488 0.517 0.849 0.153 0.275 0.000 0.396 0.000 0.000 1.0
0.432 0.445 0.800 0.259 0.384 0.014 0.369 0.000 0.000 1.0
0.455 0.349 0.813 0.181 0.448 0.031 0.411 0.000 0.333 1.0
0.520 0.388 0.797 0.165 0.389 0.019 0.441 0.000 0.059 1.0
0.322 0.438 0.862 0.305 0.384 0.087 0.269 0.000 0.627 2.0
0.227 0.392 0.795 0.399 0.546 0.098 0.229 0.000 0.000 2.0
0.209 0.344 0.797 0.380 0.591 0.111 0.235 0.000 0.000 2.0
0.225 0.341 0.797 0.389 0.539 0.098 0.243 0.000 0.000 2.0
0.209 0.314 0.784 0.502 0.545 0.111 0.236 0.000 0.000 2.0
0.210 0.379 0.768 0.355 0.600 0.098 0.226 0.000 0.000 2.0
0.210 0.355 0.784 0.393 0.546 0.110 0.243 0.000 0.176 2.0
0.224 0.395 0.797 0.374 0.520 0.072 0.258 0.000 0.000 2.0
0.233 0.402 0.777 0.383 0.507 0.108 0.246 0.000 0.196 2.0
0.230 0.274 0.775 0.492 0.611 0.101 0.246 0.000 0.176 2.0
0.215 0.326 0.766 0.361 0.580 0.071 0.264 0.000 0.000 2.0
0.209 0.377 0.744 0.368 0.587 0.063 0.259 0.000 0.000 2.0
0.327 0.395 0.764 0.355 0.438 0.082 0.295 0.000 0.000 2.0
0.276 0.221 0.724 0.271 0.668 0.100 0.322 0.000 0.471 2.0
0.306 0.335 0.659 0.355 0.555 0.097 0.312 0.044 0.000 2.0
0.270 0.244 0.606 0.417 0.546 0.113 0.353 0.000 0.000 2.0
0.707 0.462 0.702 0.115 0.136 0.013 0.577 0.000 0.000 2.0
0.597 0.108 0.000 0.495 0.425 0.130 0.726 0.000 0.667 2.0
1.000 0.236 0.000 0.221 0.063 0.019 1.000 0.000 0.471 2.0
0.309 0.450 0.000 0.084 0.829 0.000 0.517 0.000 0.000 2.0
0.713 0.044 0.000 0.143 0.584 0.000 0.886 0.000 0.000 2.0
0.341 0.411 0.853 0.302 0.489 0.092 0.258 0.000 0.275 2.0
0.321 0.403 0.866 0.324 0.459 0.082 0.265 0.000 0.000 2.0
0.260 0.450 0.820 0.474 0.402 0.103 0.228 0.000 0.000 2.0
0.236 0.426 0.795 0.368 0.471 0.103 0.235 0.000 0.000 2.0
0.241 0.331 0.788 0.414 0.562 0.103 0.242 0.000 0.412 2.0
0.260 0.414 0.775 0.442 0.484 0.100 0.238 0.000 0.000 2.0
0.332 0.331 0.815 0.396 0.482 0.093 0.290 0.000 0.235 2.0
0.424 0.459 0.508 0.355 0.389 0.079 0.411 0.000 0.333 2.0
0.397 0.489 0.301 0.417 0.348 0.063 0.477 0.000 0.353 2.0
0.658 0.447 0.000 0.333 0.255 0.031 0.744 0.000 0.196 2.0
0.301 0.448 0.875 0.389 0.357 0.087 0.258 0.000 0.294 2.0
0.296 0.370 0.869 0.315 0.450 0.089 0.280 0.000 0.549 2.0
0.262 0.325 0.806 0.399 0.562 0.098 0.249 0.000 0.000 2.0
0.245 0.322 0.793 0.421 0.595 0.105 0.238 0.000 0.000 2.0
0.323 0.371 0.808 0.243 0.539 0.092 0.277 0.029 0.333 2.0
0.261 0.341 0.773 0.467 0.520 0.106 0.256 0.000 0.000 2.0
0.318 0.319 0.817 0.296 0.493 0.100 0.302 0.000 0.686 2.0
0.217 0.391 0.786 0.327 0.511 0.090 0.270 0.000 0.000 3.0
0.232 0.215 0.784 0.330 0.550 0.092 0.288 0.000 0.000 3.0
0.444 0.540 0.869 0.168 0.302 0.000 0.377 0.000 0.000 3.0
0.217 0.405 0.757 0.290 0.514 0.095 0.269 0.000 0.000 3.0
0.233 0.347 0.757 0.302 0.571 0.084 0.293 0.000 0.000 3.0
0.442 0.496 0.837 0.090 0.354 0.018 0.392 0.000 0.000 3.0
0.299 0.417 0.748 0.417 0.380 0.092 0.314 0.000 0.176 3.0
0.360 0.438 0.788 0.143 0.507 0.026 0.322 0.048 0.471 3.0
0.175 0.493 0.597 1.000 0.014 0.271 0.041 0.698 0.000 4.0
0.464 0.125 0.419 0.396 0.545 0.076 0.556 0.000 0.000 4.0
0.375 0.287 0.000 0.424 0.704 0.061 0.567 0.000 0.000 4.0
0.386 0.382 0.000 0.458 0.575 0.076 0.547 0.000 0.000 4.0
0.088 0.344 0.000 0.857 0.120 1.000 0.142 0.000 0.000 4.0
0.407 0.398 0.000 0.346 0.436 0.053 0.657 0.000 0.000 4.0
0.441 0.337 0.073 0.380 0.639 0.021 0.543 0.000 0.549 4.0
0.361 0.460 0.537 0.280 0.527 0.000 0.403 0.000 0.000 5.0
0.324 0.505 0.488 0.427 0.511 0.000 0.362 0.000 0.000 5.0
0.339 0.641 0.174 0.452 0.480 0.000 0.420 0.000 0.000 5.0
0.375 0.576 0.000 0.084 0.655 0.000 0.538 0.000 0.000 5.0
0.007 0.445 0.713 0.474 0.536 0.283 0.000 0.378 0.000 6.0
0.527 0.408 0.744 0.293 0.459 0.097 0.316 0.000 0.000 6.0
0.549 0.761 0.408 0.318 0.111 0.050 0.296 0.533 0.000 6.0
0.214 0.620 0.000 0.651 0.620 0.000 0.309 0.203 0.176 6.0
0.265 0.605 0.000 0.533 0.573 0.000 0.288 0.505 0.157 6.0
0.189 0.513 0.000 0.745 0.639 0.013 0.338 0.194 0.098 6.0
0.269 0.597 0.000 0.639 0.620 0.000 0.327 0.210 0.000 6.0
0.217 0.644 0.000 0.692 0.579 0.008 0.316 0.168 0.000 6.0
0.236 0.183 0.000 0.280 0.959 0.435 0.325 0.000 0.000 6.0
0.238 0.612 0.000 0.530 0.589 0.000 0.265 0.543 0.000 6.0
0.271 0.635 0.000 0.470 0.568 0.000 0.296 0.492 0.000 6.0
0.314 0.550 0.000 0.477 0.545 0.227 0.097 0.914 0.000 6.0
0.223 0.513 0.000 0.807 0.500 0.013 0.349 0.337 0.000 6.0
0.417 0.546 0.000 0.539 0.645 0.000 0.280 0.521 0.000 6.0
0.262 0.526 0.000 0.558 0.634 0.000 0.296 0.530 0.000 6.0
