14.23 1.71 2.43 15.6 127 2.8 3.06 .28 2.29 5.64 1.04 3.92 1065 1
13.16 2.36 2.67 18.6 101 2.8 3.24 .3 2.81 5.68 1.03 3.17 1185 1
13.24 2.59 2.87 21 118 2.8 2.69 .39 1.82 4.32 1.04 2.93 735 1
14.39 1.87 2.45 14.6 96 2.5 2.52 .3 1.98 5.25 1.02 3.58 1290 1
14.83 1.64 2.17 14 97 2.8 2.98 .29 1.98 5.2 1.08 2.85 1045 1
14.1 2.16 2.3 18 105 2.95 3.32 .22 2.38 5.75 1.25 3.17 1510 1
13.75 1.73 2.41 16 89 2.6 2.76 .29 1.81 5.6 1.15 2.9 1320 1
14.38 1.87 2.38 12 102 3.3 3.64 .29 2.96 7.5 1.2 3 1547 1
14.3 1.92 2.72 20 120 2.8 3.14 .33 1.97 6.2 1.07 2.65 1280 1
14.19 1.59 2.48 16.5 108 3.3 3.93 .32 1.86 8.7 1.23 2.82 1680 1
14.06 1.63 2.28 16 126 3 3.17 .24 2.1 5.65 1.09 3.71 780 1
13.71 1.86 2.36 16.6 101 2.61 2.88 .27 1.69 3.8 1.11 4 1035 1
13.5 1.81 2.61 20 96 2.53 2.61 .28 1.66 3.52 1.12 3.82 845 1
13.39 1.77 2.62 16.1 93 2.85 2.94 .34 1.45 4.8 .92 3.22 1195 1
13.87 1.9 2.8 19.4 107 2.95 2.97 .37 1.76 4.5 1.25 3.4 915 1
13.73 1.5 2.7 22.5 101 3 3.25 .29 2.38 5.7 1.19 2.71 1285 1
13.68 1.83 2.36 17.2 104 2.42 2.69 .42 1.97 3.84 1.23 2.87 990 1
13.51 1.8 2.65 19 110 2.35 2.53 .29 1.54 4.2 1.1 2.87 1095 1
13.28 1.64 2.84 15.5 110 2.6 2.68 .34 1.36 4.6 1.09 2.78 880 1
13.07 1.5 2.1 15.5 98 2.4 2.64 .28 1.37 3.7 1.18 2.69 1020 1
13.56 1.71 2.31 16.2 117 3.15 3.29 .34 2.34 6.13 .95 3.38 795 1
13.88 1.89 2.59 15 101 3.25 3.56 .17 1.7 5.43 .88 3.56 1095 1
13.05 1.77 2.1 17 107 3 3 .28 2.03 5.04 .88 3.35 885 1
14.38 3.59 2.28 16 102 3.25 3.17 .27 2.19 4.9 1.04 3.44 1065 1
14.1 2.02 2.4 18.8 103 2.75 2.92 .32 2.38 6.2 1.07 2.75 1060 1
13.05 1.73 2.04 12.4 92 2.72 3.27 .17 2.91 7.2 1.12 2.91 1150 1
13.82 1.75 2.42 14 111 3.88 3.74 .32 1.87 7.05 1.01 3.26 1190 1
13.74 1.67 2.25 16.4 118 2.6 2.9 .21 1.62 5.85 .92 3.2 1060 1
14.22 1.7 2.3 16.3 118 3.2 3 .26 2.03 6.38 .94 3.31 970 1
13.72 1.43 2.5 16.7 108 3.4 3.67 .19 2.04 6.8 .89 2.87 1285 1
12.33 1.1 2.28 16 101 2.05 1.09 .63 .41 3.27 1.25 1.67 680 2
13.67 1.25 1.92 18 94 2.1 1.79 .32 .73 3.8 1.23 2.46 630 2
12.17 1.45 2.53 19 104 1.89 1.75 .45 1.03 2.95 1.45 2.23 355 2
13.11 1.01 1.7 15 78 2.98 3.18 .26 2.28 5.3 1.12 3.18 502 2
13.34 .94 2.36 17 110 2.53 1.3 .55 .42 3.17 1.02 1.93 750 2
12.29 1.61 2.21 20.4 103 1.1 1.02 .37 1.46 3.05 .906 1.82 870 2
13.49 1.66 2.24 24 87 1.88 1.84 .27 1.03 3.74 .98 2.78 472 2
11.96 1.09 2.3 21 101 3.38 2.14 .13 1.65 3.21 .99 3.13 886 2
13.03 .9 1.71 16 86 1.95 2.03 .24 1.46 4.6 1.19 2.48 392 2
12.33 .99 1.95 14.8 136 1.9 1.85 .35 2.76 3.4 1.06 2.31 750 2
12 .92 2 19 86 2.42 2.26 .3 1.43 2.5 1.38 3.12 278 2
12.08 1.13 2.51 24 78 2 1.58 .4 1.4 2.2 1.31 2.72 630 2
11.84 .89 2.58 18 94 2.2 2.21 .22 2.35 3.05 .79 3.08 520 2
12.16 1.61 2.31 22.8 90 1.78 1.69 .43 1.56 2.45 1.33 2.26 495 2
11.64 2.06 2.46 21.6 84 1.95 1.69 .48 1.35 2.8 1 2.75 680 2
12.08 1.83 2.32 18.5 81 1.6 1.5 .52 1.64 2.4 1.08 2.27 480 2
12.69 1.53 2.26 20.7 80 1.38 1.46 .58 1.62 3.05 .96 2.06 495 2
11.62 1.99 2.28 18 98 3.02 2.26 .17 1.35 3.25 1.16 2.96 345 2
11.81 2.12 2.74 21.5 134 1.6 .99 .14 1.56 2.5 .95 2.26 625 2
12.37 1.07 2.1 18.5 88 3.52 3.75 .24 1.95 4.5 1.04 2.77 660 2
12.08 2.08 1.7 17.5 97 2.23 2.17 .26 1.4 3.3 1.27 2.96 710 2
12.34 2.45 2.46 21 98 2.56 2.11 .34 1.31 2.8 .8 3.38 438 2
12.51 1.73 1.98 20.5 85 2.2 1.92 .32 1.48 2.94 1.04 3.57 672 2
12.25 1.73 2.12 19 80 1.65 2.03 .37 1.63 3.4 1 3.17 510 2
12.22 1.29 1.94 19 92 2.36 2.04 .39 2.08 2.7 .86 3.02 312 2
11.46 3.74 1.82 19.5 107 3.18 2.58 .24 3.58 2.9 .75 2.81 562 2
11.76 2.68 2.92 20 103 1.75 2.03 .6 1.05 3.8 1.23 2.5 607 2
12.08 1.39 2.5 22.5 84 2.56 2.29 .43 1.04 2.9 .93 3.19 385 2
11.82 1.47 1.99 20.8 86 1.98 1.6 .3 1.53 1.95 .95 3.33 495 2
12.77 3.43 1.98 16 80 1.63 1.25 .43 .83 3.4 .7 2.12 372 2
11.45 2.4 2.42 20 96 2.9 2.79 .32 1.83 3.25 .8 3.39 625 2
12.42 4.43 2.73 26.5 102 2.2 2.13 .43 1.71 2.08 .92 3.12 365 2
11.87 4.31 2.39 21 82 2.86 3.03 .21 2.91 2.8 .75 3.64 380 2
12.43 1.53 2.29 21.5 86 2.74 3.15 .39 1.77 3.94 .69 2.84 352 2
12.37 1.63 2.3 24.5 88 2.22 2.45 .4 1.9 2.12 .89 2.78 342 2
12.86 1.35 2.32 18 122 1.51 1.25 .21 .94 4.1 .76 1.29 630 3
12.81 2.31 2.4 24 98 1.15 1.09 .27 .83 5.7 .66 1.36 560 3
12.51 1.24 2.25 17.5 85 2 .58 .6 1.25 5.45 .75 1.51 650 3
12.25 4.72 2.54 21 89 1.38 .47 .53 .8 3.85 .75 1.27 720 3
13.49 3.59 2.19 19.5 88 1.62 .48 .58 .88 5.7 .81 1.82 580 3
12.93 2.81 2.7 21 96 1.54 .5 .53 .75 4.6 .77 2.31 600 3
13.52 3.17 2.72 23.5 97 1.55 .52 .5 .55 4.35 .89 2.06 520 3
12.25 3.88 2.2 18.5 112 1.38 .78 .29 1.14 8.21 .65 2 855 3
13.88 5.04 2.23 20 80 .98 .34 .4 .68 4.9 .58 1.33 415 3
13.32 3.24 2.38 21.5 92 1.93 .76 .45 1.25 8.42 .55 1.62 650 3
13.5 3.12 2.62 24 123 1.4 1.57 .22 1.25 8.60 .59 1.3 500 3
13.11 1.9 2.75 25.5 116 2.2 1.28 .26 1.56 7.1 .61 1.33 425 3
12.58 1.29 2.1 20 103 1.48 .58 .53 1.4 7.6 .58 1.55 640 3
13.84 4.12 2.38 19.5 89 1.8 .83 .48 1.56 9.01 .57 1.64 480 3
14.34 1.68 2.7 25 98 2.8 1.31 .53 2.7 13 .57 1.96 660 3
12.36 3.83 2.38 21 88 2.3 .92 .5 1.04 7.65 .56 1.58 520 3
12.85 3.27 2.58 22 106 1.65 .6 .6 .96 5.58 .87 2.11 570 3
13.78 2.76 2.3 22 90 1.35 .68 .41 1.03 9.58 .7 1.68 615 3
13.45 3.7 2.6 23 111 1.7 .92 .43 1.46 10.68 .85 1.56 695 3
13.58 2.58 2.69 24.5 105 1.55 .84 .39 1.54 8.66 .74 1.8 750 3
12.2 3.03 2.32 19 96 1.25 .49 .4 .73 5.5 .66 1.83 510 3
14.16 2.51 2.48 20 91 1.68 .7 .44 1.24 9.7 .62 1.71 660 3
13.4 3.91 2.48 23 102 1.8 .75 .43 1.41 7.3 .7 1.56 750 3
13.17 2.59 2.37 20 120 1.65 .68 .53 1.46 9.3 .6 1.62 840 3
