 0.526 0.357 0.364 0.351 0.062 0.000 0.0
 0.684 0.478 0.199 0.247 0.106 0.000 1.0
 0.868 0.278 0.060 0.156 0.041 0.000 1.0
 0.605 0.383 0.113 0.078 0.021 0.025 1.0
 0.658 0.322 0.139 0.182 0.000 0.025 1.0
 0.447 0.339 0.086 0.156 0.034 0.025 0.0
 0.553 0.470 0.139 0.182 0.045 0.025 0.0
 0.684 0.478 0.106 0.338 0.045 0.025 1.0
 0.632 0.487 0.086 0.156 0.038 0.025 1.0
 0.763 0.809 0.046 0.364 0.021 0.025 0.0
 0.737 0.000 0.205 0.195 0.051 0.025 0.0
 0.816 0.391 0.093 0.182 0.048 0.025 1.0
 0.711 0.409 0.132 0.104 0.072 0.025 1.0
 0.605 0.374 0.106 0.208 0.017 0.025 1.0
 0.579 0.157 0.179 0.182 0.038 0.025 0.0
 0.684 0.296 0.179 0.234 0.127 0.025 1.0
 0.605 0.635 0.159 0.208 0.120 0.025 0.0
 0.684 0.426 1.000 0.818 0.264 0.025 0.0
 0.368 0.139 0.066 0.182 0.014 0.025 0.0
 0.632 0.348 0.132 0.195 0.113 0.025 1.0
 0.632 0.391 0.146 0.442 0.127 0.025 0.0
 0.553 0.530 0.093 0.117 0.038 0.025 0.0
 0.605 0.330 0.099 0.208 0.027 0.025 1.0
 0.789 0.235 0.166 0.260 0.154 0.025 1.0
 0.474 0.148 0.166 0.260 0.113 0.025 0.0
 0.526 0.357 0.132 0.221 0.021 0.025 1.0
 0.763 0.217 0.046 0.234 0.130 0.025 1.0
 0.526 0.365 0.126 0.312 0.034 0.025 0.0
 0.605 0.226 0.106 0.221 0.048 0.025 0.0
 0.658 0.348 0.132 0.247 0.065 0.025 1.0
 0.658 0.426 0.066 0.130 0.045 0.025 1.0
 0.684 0.252 0.073 0.221 0.021 0.025 1.0
 0.632 0.470 0.146 0.195 0.048 0.050 1.0
 0.526 0.243 0.146 0.247 0.062 0.050 0.0
 0.658 0.348 0.079 0.208 0.031 0.050 1.0
 0.658 0.383 0.205 0.182 0.103 0.100 1.0
 0.658 0.435 0.199 0.208 0.058 0.100 1.0
 0.658 0.496 0.099 0.117 0.127 0.100 1.0
 0.816 0.426 0.159 0.182 0.086 0.100 1.0
 0.789 0.478 0.152 0.260 0.086 0.100 1.0
 0.632 0.243 0.245 0.221 0.147 0.100 0.0
 0.763 0.304 0.113 0.169 0.072 0.100 1.0
 0.763 0.304 0.113 0.169 0.072 0.100 1.0
 0.711 0.365 0.086 0.260 0.014 0.100 1.0
 0.500 0.522 0.106 0.260 0.007 0.150 0.0
 0.553 0.217 0.106 0.195 0.003 0.150 0.0
 0.605 0.374 0.126 0.091 0.034 0.150 0.0
 0.658 0.243 0.126 0.156 0.075 0.150 0.0
 0.632 0.574 0.126 0.169 0.339 0.150 0.0
 0.711 0.452 0.146 0.273 0.065 0.150 1.0
 0.711 0.330 0.093 0.104 0.260 0.150 0.0
 0.658 0.530 0.093 0.234 0.027 0.200 0.0
 0.632 0.104 0.152 0.312 0.041 0.200 0.0
 0.684 0.748 0.192 0.130 0.045 0.200 0.0
 0.605 0.730 0.166 0.195 0.154 0.200 0.0
 0.579 0.548 0.159 0.234 0.055 0.200 0.0
 0.605 0.496 0.132 0.260 0.041 0.200 1.0
 0.553 0.383 0.046 0.130 0.010 0.200 0.0
 0.526 0.322 0.086 0.208 0.031 0.200 0.0
 0.684 0.296 0.073 0.143 0.038 0.200 0.0
 0.368 0.678 0.086 0.286 0.062 0.200 0.0
 0.632 0.461 0.066 0.208 0.065 0.200 0.0
 0.658 0.383 0.040 0.143 0.038 0.200 0.0
 0.684 0.278 0.159 0.299 0.264 0.200 0.0
 0.658 0.443 0.099 0.117 0.058 0.200 0.0
 0.737 0.348 0.146 0.169 0.045 0.250 0.0
 0.842 0.183 0.722 0.519 0.497 0.250 0.0
 0.553 0.183 0.113 0.078 0.034 0.250 0.0
 0.711 0.296 0.113 0.234 0.058 0.250 0.0
 0.895 0.313 0.086 0.182 0.021 0.250 0.0
 0.789 0.322 0.146 0.221 0.079 0.300 0.0
 0.711 0.339 0.219 0.208 0.106 0.300 0.0
 0.658 0.461 0.219 0.182 0.154 0.300 0.0
 0.789 0.339 0.397 0.481 0.243 0.300 0.0
 0.684 0.348 0.139 0.273 0.034 0.300 0.0
 0.711 0.513 0.152 0.247 0.110 0.300 0.0
 0.605 0.122 0.033 0.130 0.038 0.300 0.0
 0.868 0.174 0.205 0.234 0.219 0.300 0.0
 0.711 0.557 0.351 0.260 0.134 0.300 0.0
 0.658 0.426 0.086 0.182 0.048 0.300 1.0
 0.737 0.235 0.093 0.260 0.041 0.300 0.0
 0.711 0.461 0.179 0.299 0.123 0.300 1.0
 0.632 0.348 0.132 0.312 0.082 0.300 0.0
 0.711 0.609 0.358 0.390 0.394 0.350 0.0
 0.842 0.417 0.166 0.221 0.161 0.400 0.0
 0.816 0.183 0.252 0.234 0.233 0.400 1.0
 0.711 0.617 0.093 0.156 0.003 0.400 0.0
 0.842 0.417 0.166 0.221 0.161 0.400 0.0
 0.737 0.313 0.086 0.195 0.031 0.400 0.0
 0.658 0.235 0.146 0.221 0.164 0.400 0.0
 0.711 0.609 0.119 0.299 0.404 0.450 0.0
 0.553 0.374 0.119 0.247 0.072 0.500 0.0
 0.789 0.496 0.305 0.766 0.171 0.500 0.0
 0.842 0.600 0.119 0.299 0.151 0.600 0.0
 0.763 0.522 0.510 0.377 0.671 1.000 0.0
 0.605 0.287 0.126 0.169 0.024 0.000 1.0
 0.763 0.591 0.152 0.195 0.034 0.025 1.0
 0.711 0.539 0.139 0.195 0.024 0.025 1.0
 0.605 0.443 0.179 0.260 0.034 0.025 1.0
 0.605 0.617 0.146 0.169 0.010 0.025 0.0
 0.474 0.270 0.152 0.130 0.024 0.025 1.0
 0.553 0.487 0.219 0.299 0.031 0.025 0.0
 0.632 0.513 0.126 0.117 0.103 0.025 1.0
 0.658 0.557 0.099 0.260 0.048 0.025 0.0
 0.526 0.487 0.086 0.039 0.014 0.025 0.0
 0.342 0.400 0.132 0.169 0.089 0.025 0.0
 0.632 0.800 0.086 0.286 0.007 0.025 0.0
 0.632 0.678 0.152 0.377 0.031 0.025 0.0
 0.763 0.678 0.245 0.195 0.164 0.025 1.0
 0.605 0.861 0.205 0.312 0.127 0.025 0.0
 0.658 0.487 0.093 0.130 0.065 0.025 1.0
 0.000 0.348 0.099 0.195 0.031 0.025 0.0
 0.526 0.304 0.093 0.247 0.038 0.025 0.0
 0.553 0.478 0.318 0.312 0.195 0.025 0.0
 0.553 0.304 0.212 0.286 0.185 0.025 0.0
 0.579 0.296 0.172 0.325 0.058 0.025 1.0
 0.763 0.452 0.106 0.260 0.113 0.025 1.0
 0.737 0.287 0.139 0.208 0.096 0.025 1.0
 0.711 0.365 0.139 0.195 0.089 0.025 1.0
 0.553 0.304 0.079 0.234 0.062 0.025 0.0
 0.553 0.296 0.060 0.195 0.027 0.025 0.0
 0.421 0.157 0.192 0.286 0.099 0.050 0.0
 0.684 0.496 0.113 0.182 0.031 0.050 1.0
 0.684 0.322 0.185 0.117 0.010 0.050 1.0
 0.658 0.348 0.272 0.247 0.274 0.050 0.0
 0.474 0.478 0.179 0.182 0.377 0.050 0.0
 0.737 0.313 0.245 0.325 0.147 0.050 1.0
 0.579 0.417 0.192 0.195 0.058 0.100 1.0
 0.553 0.374 0.159 0.247 0.055 0.100 1.0
 0.658 0.330 0.159 0.312 0.089 0.100 1.0
 0.737 0.557 0.093 0.156 0.072 0.100 1.0
 0.684 0.183 0.093 0.169 0.062 0.100 0.0
 0.763 0.591 0.172 0.273 0.068 0.100 0.0
 0.632 0.748 0.146 0.260 0.075 0.100 0.0
 0.737 0.304 0.106 0.234 0.045 0.100 1.0
 0.763 0.365 0.225 0.286 0.041 0.150 1.0
 0.658 0.278 0.106 0.195 0.038 0.150 0.0
 0.605 0.209 0.205 0.273 0.096 0.150 0.0
 0.526 0.304 0.523 0.571 0.158 0.150 0.0
 0.868 0.235 0.152 0.260 0.164 0.200 0.0
 0.632 0.217 0.185 0.221 0.031 0.200 0.0
 0.474 0.409 0.086 0.182 0.062 0.200 0.0
 0.763 0.817 0.483 0.662 0.161 0.200 0.0
 0.737 0.226 0.152 0.208 0.082 0.200 0.0
 0.684 0.348 0.086 0.156 0.140 0.200 0.0
 0.579 0.191 0.099 0.104 0.038 0.200 0.0
 0.553 0.278 0.166 0.390 0.353 0.200 0.0
 0.605 0.200 0.073 0.364 0.171 0.200 0.0
 0.632 0.426 0.192 0.286 0.171 0.200 0.0
 0.763 0.174 0.993 1.000 0.397 0.200 0.0
 0.658 0.252 0.040 0.156 0.024 0.250 0.0
 0.895 0.165 0.066 0.208 0.151 0.250 0.0
 0.763 0.417 0.139 0.273 0.089 0.250 1.0
 0.579 0.270 0.245 0.312 0.062 0.300 0.0
 0.868 0.678 0.179 0.273 0.092 0.300 0.0
 0.842 0.617 0.258 0.494 0.264 0.300 0.0
 0.737 0.391 0.132 0.169 0.048 0.300 0.0
 0.895 0.548 0.358 0.481 0.678 0.300 0.0
 0.711 0.496 0.040 0.273 0.051 0.300 1.0
 0.789 0.609 0.113 0.286 0.144 0.300 0.0
 0.684 0.200 0.172 0.247 0.116 0.350 0.0
 0.526 0.235 0.053 0.169 0.031 0.350 0.0
 0.684 0.252 0.477 0.351 0.065 0.400 1.0
 0.579 0.278 0.212 0.182 0.068 0.400 0.0
 0.447 0.278 0.093 0.234 0.134 0.400 0.0
 0.842 0.496 0.086 0.195 0.164 0.400 0.0
 0.605 0.591 0.344 0.390 0.414 0.450 0.0
 0.711 0.157 0.219 0.221 0.110 0.500 1.0
 0.684 0.609 0.205 0.377 0.110 0.500 0.0
 0.579 0.287 0.318 0.494 0.171 0.500 0.0
 0.816 0.400 0.325 0.494 0.678 0.600 0.0
 0.684 0.391 0.152 0.273 0.031 0.800 1.0
